100
23 59 90 77
41 91 51 27
62 77 22 93
50 63 62 86
51 52 81 91
16 76 7 97
3 20 66 45
6 81 39 51
30 58 70 36
25 32 81 39
4 33 8 61
30 49 84 28
34 94 29 84
63 98 4 56
18 82 99 8
11 21 39 31
16 49 69 6
83 88 12 17
18 37 60 91
24 27 70 93
35 93 20 61
8 93 71 59
26 82 91 84
1 97 89 71
30 38 83 82
10 23 89 50
19 69 95 91
56 93 9 0
1 40 57 66
42 67 35 6
49 67 42 57
37 84 58 80
26 27 4 52
2 91 95 38
3 11 11 74
66 84 73 94
19 47 88 27
66 74 13 32
78 92 1 54
64 68 35 29
29 60 80 59
30 41 34 90
7 18 48 29
19 57 81 6
54 79 75 62
3 24 47 81
2 51 62 75
9 55 90 39
35 77 8 44
55 88 60 95
43 97 90 72
24 49 11 58
19 22 100 41
18 38 12 27
15 62 2 47
1 87 10 23
27 60 20 91
34 74 3 80
68 89 40 53
44 67 56 61
28 84 67 23
81 87 49 70
31 51 57 39
4 39 76 68
41 71 40 77
67 91 75 54
61 69 95 99
69 92 29 38
34 89 22 49
26 96 29 61
40 78 74 84
56 75 86 56
11 40 51 25
44 66 13 12
62 70 37 85
15 39 23 11
7 16 9 33
37 79 44 49
30 83 68 83
36 43 88 81
26 81 79 50
31 63 35 7
21 29 28 35
24 68 38 37
25 35 57 10
59 75 15 6
12 97 11 79
9 95 41 7
39 80 88 4
59 93 38 11
27 43 35 87
9 99 37 27
60 78 10 62
44 72 58 52
79 86 1 83
30 57 1 98
48 60 59 67
31 80 54 66
15 81 57 5
4 54 65 70
15 77 16 69
17 36 11 64
18 35 100 9
8 72 69 81
54 98 4 9
1 77 9 37
27 66 19 64
75 80 27 34
7 21 58 23
4 46 38 76
89 98 33 30
29 45 99 25
83 97 72 30
23 63 59 11
5 47 98 56
36 52 14 46
21 44 88 70
2 16 19 56
5 59 70 21
2 80 9 88
21 77 26 94
70 97 52 8
40 45 37 68
73 96 55 14
36 45 22 77
32 94 53 12
5 77 12 35
34 90 63 0
38 92 83 81
12 23 4 96
80 83 61 3
28 57 9 26
16 44 54 0
74 87 20 2
7 71 89 34
5 10 93 18
48 64 68 62
53 62 35 60
79 93 34 49
7 9 3 53
13 36 21 79
85 88 94 8
33 79 44 3
67 76 56 21
34 79 100 78
41 69 45 81
1 9 0 14
73 76 93 31
11 86 56 91
32 46 94 68
27 30 31 83
29 62 9 81
15 75 90 39
25 84 93 47
25 73 23 28
44 53 30 0
46 93 73 52
21 57 6 0
1 56 71 87
50 57 21 54
58 91 44 94
6 24 8 36
11 96 39 91
36 87 45 33
72 81 45 78
3 22 50 20
86 89 5 93
25 80 71 6
61 65 63 76
48 99 31 45
8 44 99 57
94 95 80 2
41 52 76 46
25 89 98 24
37 86 46 0
9 11 10 60
38 83 87 97
2 90 37 23
13 83 74 8
21 61 40 10
1 6 49 38
3 62 74 88
35 43 31 69
34 46 50 66
39 79 85 78
67 86 31 43
37 96 5 70
37 61 61 51
20 46 64 3
14 35 13 93
28 63 45 23
11 47 95 17
64 100 13 42
57 77 59 15
7 37 55 30
12 22 25 96
40 41 5 42
18 49 50 87
3 30 2 45
53 80 95 64
36 94 49 17
11 36 5 40
75 88 72 58
30 47 66 86
19 55 93 40
4 85 96 28
5 78 96 79
45 83 95 39
64 67 6 15
21 94 38 38
22 42 86 1
5 7 8 45
6 45 70 90
70 96 71 93
11 88 34 16
87 90 10 21
30 72 13 54
56 81 94 26
26 49 45 85
82 86 68 88
51 81 4 90
11 30 37 76
70 91 81 68
23 82 15 12
70 83 65 0
10 61 68 77
17 38 28 40
22 76 42 79
9 74 80 28
17 82 50 22
44 51 74 77
57 99 26 83
60 83 55 20
62 75 46 94
41 86 67 60
64 73 99 70
31 74 15 80
33 42 37 68
27 35 35 47
21 81 53 8
30 92 81 62
45 73 56 44
5 29 16 28
35 76 28 6
48 57 41 34
8 70 96 26
27 72 89 26
4 21 34 12
30 68 4 97
23 30 22 13
51 58 55 17
51 57 89 39
42 71 45 88
39 61 25 55
54 58 3 85
27 77 80 58
66 89 2 43
30 43 81 7
3 96 88 47
25 74 79 87
85 90 54 17
73 80 29 87
42 48 56 11
12 26 4 55
14 97 23 10
39 54 74 48
36 44 66 5
59 84 33 99
1 44 13 41
35 90 98 82
13 70 71 97
31 54 94 79
70 89 72 2
37 44 62 72
47 56 94 61
70 99 18 8
45 97 18 43
15 67 78 51
43 75 23 39
59 88 43 50
26 44 15 54
1 7 23 67
30 39 14 17
30 70 1 45
23 77 12 82
47 69 42 63
15 55 80 33
8 16 77 80
67 96 65 10
25 66 38 94
22 69 33 28
8 9 47 65
3 81 44 27
78 84 5 63
49 69 9 84
3 23 57 56
37 56 64 10
25 41 96 79
85 91 99 96
39 76 85 10
97 98 48 38
45 53 82 62
39 77 6 48
1 13 20 24
53 71 66 7
30 55 47 79
5 20 70 89
34 35 31 36
34 44 20 45
20 78 20 0
15 54 32 17
27 37 65 85
31 78 80 69
11 97 22 44
85 86 50 72
47 60 18 41
57 89 100 39
12 46 50 75
27 82 36 16
50 65 89 85
7 87 59 12
28 72 9 3
74 94 27 73
21 71 94 97
17 94 8 21
45 81 51 68
7 8 44 11
48 49 26 85
64 81 40 4
54 76 15 16
54 68 52 14
13 40 6 27
33 87 28 13
53 56 82 99
35 81 42 90
30 85 73 65
19 70 3 21
23 85 89 97
12 57 12 51
20 24 50 6
25 51 91 50
13 79 42 96
21 90 30 60
5 25 45 69
23 75 47 21
17 71 49 0
44 58 35 38
20 30 97 60
43 50 72 79
39 71 58 79
65 81 48 84
10 54 53 11
91 92 26 2
17 72 32 72
60 92 46 94
64 98 95 11
2 23 18 97
67 73 15 88
17 39 5 71
36 88 79 20
49 92 19 71
33 98 42 27
47 85 83 27
64 86 27 4
42 85 24 1
15 16 10 85
83 90 47 88
71 73 94 10
18 67 27 60
60 96 29 15
49 56 70 31
13 30 46 59
3 84 7 0
74 81 32 18
46 66 37 17
40 67 49 5
26 32 18 26
12 33 65 46
61 84 100 39
51 96 58 0
39 55 50 54
6 75 70 84
46 85 8 3
22 38 40 67
67 88 7 9
33 55 24 63
38 89 95 29
8 41 22 83
39 99 69 50
29 55 44 77
13 39 54 26
50 83 84 89
4 83 26 74
3 68 51 76
52 63 56 28
1 49 95 10
45 69 96 63
52 56 72 68
66 80 45 6
91 99 49 59
19 48 68 1
28 67 4 50
24 99 55 30
34 49 14 91
71 96 32 1
5 64 51 58
34 71 56 61
61 95 24 60
6 92 26 66
4 41 32 75
5 26 24 61
46 81 85 20
10 18 66 80
48 67 24 76
81 94 16 54
57 75 43 68
9 38 96 4
49 99 0 97
57 66 23 94
77 83 64 29
39 98 37 55
44 77 13 13
20 21 64 37
58 88 15 81
36 58 96 52
15 97 42 75
25 60 33 3
83 87 34 76
6 71 93 50
24 89 38 80
33 68 37 68
4 27 2 78
18 52 44 36
5 35 20 84
9 31 15 38
30 82 65 76
22 36 91 35
30 98 9 10
59 70 85 51
2 54 46 32
36 67 5 36
18 53 92 35
16 51 7 67
77 100 36 45
3 34 36 30
12 28 8 75
25 69 94 67
18 69 19 23
74 93 42 4
15 66 31 54
19 66 39 88
6 82 67 56
14 22 66 11
15 42 66 14
20 39 21 66
80 85 66 90
17 21 93 18
59 97 33 74
67 82 44 62
22 67 27 13
49 96 92 15
71 100 48 54
11 63 62 56
45 52 9 3
22 98 25 30
30 60 51 8
18 60 77 91
24 70 79 91
2 61 10 45
12 70 66 39
40 48 64 0
58 100 16 45
64 76 21 42
24 39 8 4
48 100 36 55
34 84 30 48
22 94 0 96
25 95 85 11
6 29 37 31
17 99 17 82
43 85 4 67
24 62 42 88
15 50 60 2
24 56 67 52
13 71 45 71
50 68 87 69
14 80 61 60
28 78 12 60
57 96 94 86
3 14 11 36
86 99 87 65
15 63 84 76
5 68 29 70
53 63 9 83
59 67 38 26
38 100 61 91
36 83 2 55
14 26 77 20
77 91 71 100
18 90 10 83
2 21 6 37
10 73 64 96
53 65 83 92
2 96 70 62
52 64 14 14
4 67 56 43
44 88 70 48
43 99 2 83
32 45 8 44
6 99 7 84
45 74 57 100
5 88 48 13
15 49 83 73
46 57 0 76
31 43 66 31
35 78 55 53
8 96 51 85
1 45 64 85
76 100 83 84
16 48 72 31
13 57 34 25
22 29 3 63
58 80 23 27
14 62 16 82
75 83 89 16
82 97 93 100
30 80 89 53
7 34 62 36
16 78 18 16
8 68 7 13
14 99 3 37
30 31 63 84
56 63 75 84
28 83 4 76
48 77 51 4
9 60 95 3
19 44 44 39
44 54 49 77
41 48 7 40
55 71 92 64
13 73 16 11
3 39 2 5
13 95 41 75
4 69 55 84
28 30 73 93
19 74 42 49
75 76 21 90
7 25 46 38
34 96 82 32
8 51 78 98
15 18 93 2
58 62 18 1
55 84 23 7
14 48 25 93
50 93 52 91
54 92 98 76
86 93 5 25
46 53 74 52
92 93 78 27
12 32 45 100
52 86 46 90
12 37 97 88
13 41 79 3
19 99 4 90
28 68 91 37
4 84 94 20
85 93 95 81
72 98 44 31
10 88 21 83
22 65 28 88
40 81 54 19
78 100 61 94
67 92 45 35
30 65 57 100
48 56 71 1
6 64 12 85
13 68 42 88
75 86 74 97
47 53 73 47
20 31 34 12
15 31 70 36
36 64 51 24
12 75 47 94
16 19 89 4
19 67 33 70
4 50 63 94
4 56 29 0
46 78 3 19
37 82 91 10
17 89 15 100
30 69 86 91
68 86 83 70
66 77 100 48
75 97 15 13
12 48 99 55
56 73 100 69
16 96 100 28
31 83 39 13
10 75 79 62
47 86 77 84
32 43 52 61
7 98 78 72
21 63 31 68
65 84 52 42
5 98 10 30
15 94 84 10
90 94 40 18
29 49 46 67
2 75 60 69
7 67 23 40
23 60 9 49
42 46 80 87
3 99 97 47
4 95 27 67
2 72 27 9
66 96 99 82
47 55 51 16
7 64 23 42
23 71 64 35
5 37 18 9
82 85 21 34
9 45 23 19
41 62 8 61
14 31 64 6
21 49 64 89
10 17 46 21
3 78 12 10
73 87 77 86
47 66 85 36
38 63 30 24
5 30 69 90
21 65 83 52
31 59 99 46
41 65 40 7
26 34 76 54
26 29 76 67
66 94 91 11
18 25 68 76
4 26 61 25
6 62 32 3
64 91 47 4
5 70 55 95
12 38 50 38
11 28 90 6
13 33 96 76
24 88 92 62
8 90 98 87
63 100 4 32
23 42 20 66
8 33 84 43
30 42 56 68
17 34 71 0
5 51 72 69
19 38 82 21
62 91 67 61
47 90 90 99
26 37 33 38
1 19 92 67
74 99 3 64
65 85 94 48
8 46 57 48
19 54 16 26
68 83 48 40
11 23 32 5
57 100 49 72
36 66 58 70
71 92 62 65
21 91 88 33
4 19 83 86
9 94 100 21
49 93 82 23
45 80 45 92
61 70 38 19
42 66 98 96
12 79 94 24
10 77 23 33
32 82 96 61
9 97 23 81
71 74 54 64
32 44 67 54
39 44 15 99
73 95 88 64
5 90 64 75
68 69 11 83
35 75 34 30
63 86 85 26
10 71 84 65
68 96 24 23
55 94 58 97
29 44 56 35
26 61 79 33
3 33 89 91
81 86 14 79
35 100 85 45
23 35 11 28
77 85 68 96
17 28 79 57
24 37 69 84
8 11 23 32
83 91 39 39
28 34 77 58
63 89 71 98
15 47 52 59
25 49 100 53
54 88 33 46
37 88 30 69
8 18 68 44
18 86 68 14
18 95 2 0
35 92 67 6
13 26 1 38
5 60 50 24
58 94 50 47
21 42 20 100
7 11 94 38
3 45 27 74
54 56 14 32
3 51 80 34
12 34 73 83
91 100 33 77
7 22 67 2
32 55 8 58
23 43 0 89
53 61 11 87
84 89 91 95
53 90 14 73
1 32 30 15
17 83 100 45
12 74 59 6
7 91 100 93
63 94 85 93
54 65 20 58
23 89 32 24
51 77 58 82
48 79 17 8
33 58 58 69
2 66 60 83
11 66 1 49
15 95 35 66
33 36 3 73
40 43 70 59
28 29 27 27
21 32 99 36
53 79 71 100
12 86 51 35
25 34 90 5
59 71 11 60
5 72 66 3
19 33 61 29
47 80 6 4
52 90 22 33
37 93 61 7
60 84 35 74
18 27 62 39
34 93 37 82
40 74 77 44
50 67 21 47
56 77 84 78
63 92 66 0
46 97 18 42
11 92 93 46
27 90 19 12
17 88 85 44
27 65 24 13
11 43 84 21
18 42 32 70
4 58 24 74
45 75 89 82
57 93 90 46
27 100 64 12
47 75 55 37
35 69 1 48
13 49 97 59
27 59 62 26
11 31 46 14
3 5 47 91
10 28 14 87
37 48 15 16
26 99 82 9
35 68 64 87
1 66 58 87
29 34 42 46
37 100 87 27
18 72 65 32
40 96 19 94
55 76 18 14
13 20 27 38
63 83 98 12
75 84 58 73
72 89 92 18
5 22 84 72
67 77 22 71
53 94 3 45
52 73 84 32
61 77 90 39
20 22 85 68
43 71 30 89
64 80 53 8
10 39 44 6
18 58 99 8
38 97 14 23
37 95 69 91
10 30 37 83
8 55 12 63
26 60 19 12
65 72 63 77
16 53 70 42
48 53 3 53
68 80 34 92
10 48 7 51
34 52 8 59
63 82 50 90
67 83 46 77
17 75 78 13
34 58 92 72
28 88 35 71
14 47 71 0
39 57 15 50
54 99 65 29
61 91 12 77
77 95 88 68
27 87 76 32
85 100 71 45
77 92 11 49
81 100 17 12
48 86 62 71
40 76 31 66
20 97 57 65
37 46 90 95
13 29 82 67
6 72 98 97
65 68 67 13
18 45 71 88
3 18 99 22
66 95 51 42
11 94 51 46
71 98 50 86
30 56 63 78
59 76 87 24
28 45 26 94
28 73 43 31
67 80 78 91
24 61 25 34
5 6 98 0
15 21 79 61
1 39 43 100
9 68 22 44
77 89 52 32
69 81 9 20
33 96 66 18
48 68 71 75
69 94 97 24
32 76 72 43
23 52 90 14
1 53 42 90
55 75 51 96
21 97 83 7
80 93 35 22
47 100 37 76
29 69 32 92
55 78 83 42
54 67 90 83
72 99 50 61
22 97 42 38
31 73 78 22
60 94 42 39
20 68 4 54
18 66 86 66
13 77 77 69
63 74 41 45
8 59 63 64
3 15 29 29
29 37 3 91
32 60 31 77
21 89 53 7
1 24 49 81
35 49 69 47
45 87 85 16
38 48 86 48
19 36 74 2
63 97 5 82
82 100 7 27
1 59 77 77
57 68 49 85
8 56 12 41
17 20 52 17
29 83 73 12
48 98 98 59
17 49 15 42
17 92 80 74
5 36 31 87
48 70 0 27
70 100 98 30
84 100 89 26
28 53 89 43
7 68 58 77
42 95 5 69
38 70 38 44
34 51 97 55
13 80 35 53
41 100 81 96
55 93 42 98
16 75 56 30
11 46 64 61
66 91 89 30
62 72 33 18
29 82 15 2
48 97 35 92
59 98 93 83
31 36 15 35
28 75 38 79
25 92 30 63
6 56 53 88
31 99 63 45
12 54 90 51
38 67 27 80
82 90 93 97
22 71 43 74
14 52 38 25
17 44 4 83
84 93 3 30
53 89 3 4
2 34 51 35
48 81 92 79
38 66 61 6
54 80 99 79
46 89 53 20
42 77 27 81
40 64 62 20
52 70 51 25
20 51 20 16
16 99 96 61
25 58 17 80
42 73 94 45
58 66 20 82
13 51 28 13
9 75 54 3
69 96 64 8
60 82 53 62
18 64 8 6
7 36 71 16
40 61 93 68
17 23 71 46
33 34 74 31
26 94 35 84
3 86 66 65
37 87 96 43
94 96 53 18
22 48 41 22
56 89 19 60
61 92 61 64
32 68 85 71
24 29 4 77
73 86 73 59
66 92 16 38
30 90 57 100
19 53 58 71
79 89 49 15
52 87 73 33
29 64 28 0
34 100 68 36
45 79 69 5
12 58 86 96
73 97 87 70
1 8 6 49
4 100 67 51
19 88 89 16
47 67 63 17
14 96 36 68
10 15 7 77
63 77 24 30
4 63 4 52
4 89 54 43
52 74 53 49
7 88 88 2
12 49 18 95
4 32 21 33
11 27 39 61
40 66 88 8
26 59 79 58
14 50 65 81
49 65 13 71
59 69 20 46
32 33 67 100
49 90 67 45
45 82 99 21
7 48 65 20
3 8 43 10
12 93 85 26
55 73 27 69
2 83 78 35
2 59 72 97
4 62 94 51
14 86 8 97
7 49 51 67
64 83 75 91
27 29 44 73
1 95 75 20
27 52 76 8
13 17 90 67
2 35 74 60
10 34 6 3
19 51 54 0
19 62 81 73
52 83 91 37
41 92 15 41
68 85 98 65
73 98 26 76
23 99 30 51
10 91 64 81
26 80 56 83
19 93 20 17
13 75 35 66
47 58 70 57
73 93 72 4
51 65 99 83
53 99 53 44
84 98 53 36
2 63 57 19
82 91 3 49
62 80 63 49
71 81 88 34
18 31 18 85
72 73 26 82
23 69 16 2
14 73 69 60
52 71 84 47
45 60 28 13
14 87 34 63
33 91 22 51
80 98 32 40
52 95 52 3
3 61 26 23
8 10 76 42
59 89 19 30
66 81 59 95
29 65 63 28
4 81 68 59
9 72 32 98
7 56 6 15
2 60 16 35
63 71 83 31
76 98 73 29
51 71 18 86
38 53 32 3
1 84 81 95
77 79 11 2
11 100 76 96
24 55 54 0
7 42 68 95
39 70 23 26
14 54 52 15
35 42 51 58
55 74 67 9
56 62 57 52
32 52 92 2
9 70 7 45
21 53 79 4
19 32 87 12
5 43 78 45
86 92 84 85
27 44 6 59
38 68 3 45
1 86 49 100
9 88 34 6
18 87 51 3
4 66 36 15
12 39 57 81
51 84 50 81
43 74 70 77
11 68 96 44
11 33 3 11
13 46 14 0
3 59 9 86
29 76 28 37
52 88 75 94
12 92 66 79
14 21 79 13
27 71 59 61
57 92 94 82
14 84 94 68
22 63 13 53
16 20 90 50
62 94 47 30
25 64 49 46
42 78 58 37
10 50 70 18
15 92 55 90
1 15 43 89
65 75 21 2
16 67 88 25
16 31 97 31
23 67 14 83
17 37 4 14
37 58 52 95
52 61 12 94
42 52 92 37
60 90 19 5
70 82 75 52
5 63 12 67
26 51 28 74
41 49 90 6
16 90 77 46
23 81 76 50
63 90 11 10
19 56 85 10
7 44 15 17
20 62 23 0
10 35 33 43
12 51 49 19
63 65 56 67
26 73 95 23
32 49 16 70
10 40 75 71
31 98 21 94
87 99 91 33
11 91 4 58
63 72 1 97
16 29 58 11
55 99 64 86
45 98 100 50
80 97 97 100
23 62 46 17
75 91 57 94
74 79 48 7
16 39 56 36
15 45 2 39
27 50 13 48
52 75 67 29
1 41 8 19
43 88 69 37
30 88 13 30
7 81 16 21
28 97 46 89
26 88 3 74
47 74 71 79
11 18 6 30
26 30 87 82
19 42 2 11
20 53 40 25
17 41 97 97
7 51 92 24
1 54 81 72
92 100 99 74
34 87 29 28
34 72 0 60
79 84 28 16
62 97 93 40
19 87 99 63
84 96 73 93
19 61 16 29
5 42 60 6
10 97 33 24
69 86 59 64
38 91 22 36
64 74 24 99
78 81 83 64
8 95 60 67
1 69 5 74
59 82 82 0
75 100 38 98
27 85 16 41
30 48 55 41
34 38 37 14
50 79 47 9
42 44 27 44
22 39 80 37
7 19 89 2
49 75 90 49
46 75 41 6
19 76 95 99
27 74 60 64
39 84 20 48
2 11 50 90
5 81 78 34
26 86 96 24
40 93 28 3
13 55 17 90
41 98 54 91
12 89 38 83
15 44 55 38
45 65 18 53
72 86 41 94
46 59 23 8
39 51 72 26
13 62 38 14
9 36 82 10
83 93 90 97
14 25 81 3
13 34 70 14
6 93 92 22
64 82 61 75
43 96 70 100
14 20 60 3
45 46 62 35
80 88 96 30
15 90 48 51
43 45 1 89
13 16 34 46
24 60 0 37
31 52 43 60
68 75 46 17
33 92 28 56
11 34 16 62
11 83 69 35
58 92 94 79
49 73 70 38
52 62 33 27
42 50 47 47
22 87 18 41
24 72 98 33
38 98 8 89
2 57 2 76
3 92 82 49
75 87 100 97
61 76 46 19
7 66 56 77
9 64 21 87
33 56 88 17
5 53 30 6
10 21 67 40
4 14 92 35
48 84 19 82
8 71 35 2
33 76 37 37
35 94 7 4
3 70 42 54
28 33 74 95
6 54 98 31
43 95 99 79
17 32 59 8
66 90 56 49
8 92 18 81
22 73 22 35
22 56 57 79
53 77 45 97
27 33 91 12
28 31 45 65
18 57 80 7
73 88 67 35
23 68 60 72
36 91 71 48
76 82 73 73
7 65 34 22
31 88 24 89
16 63 20 54
69 87 18 44
31 71 15 96
71 88 43 43
73 89 4 26
57 63 16 11
21 35 59 21
31 68 51 77
28 59 83 40
57 67 100 33
8 64 80 27
16 74 36 79
84 97 8 62
65 90 94 57
35 99 83 27
16 72 82 51
17 22 31 66
1 91 40 59
49 59 75 49
71 83 81 84
28 95 94 18
69 79 33 92
23 98 4 81
28 52 70 9
39 89 99 33
19 26 42 90
32 90 57 35
48 71 4 95
75 82 74 13
49 80 63 67
14 18 66 19
5 58 98 35
2 52 12 4
98 99 62 41
21 30 24 81
22 83 30 79
45 51 4 81
53 88 29 83
74 78 22 22
58 83 6 13
12 36 81 22
35 52 46 71
2 76 80 30
57 95 67 90
50 60 59 92
3 27 34 50
88 98 73 95
77 81 22 61
47 54 57 79
49 63 60 69
67 99 80 98
36 100 17 28
34 83 80 80
41 95 96 35
58 68 24 20
42 72 39 45
6 94 69 41
4 8 17 96
95 98 2 11
5 40 71 24
50 64 95 30
26 69 69 69
42 64 52 48
6 67 62 29
8 66 16 21
13 58 69 53
4 80 43 86
57 76 51 89
8 45 15 24
49 98 56 10
5 73 96 1
58 84 47 7
59 68 98 45
38 46 25 19
14 34 37 8
43 63 23 48
60 70 8 23
21 78 95 55
53 93 35 45
9 83 82 64
22 55 58 3
4 55 25 4
5 11 13 8
85 95 84 44
22 80 23 51
71 99 40 69
23 79 79 99
1 70 71 47
52 58 46 58
55 95 94 72
16 43 8 66
27 79 27 26
87 94 0 59
85 99 31 68
30 62 46 87
22 57 78 61
29 80 22 76
69 88 60 15
5 89 35 44
10 94 21 59
24 80 63 95
27 64 87 79
24 46 82 16
43 77 42 44
37 78 60 8
57 86 44 6
21 48 64 67
51 61 48 98
88 97 77 95
9 37 44 36
48 89 80 42
49 94 31 86
70 92 73 64
4 74 49 23
66 88 94 84
77 84 93 88
41 74 43 29
15 19 15 60
43 78 9 86
46 47 50 75
23 33 46 9
21 46 58 8
46 82 63 0
22 72 39 96
40 49 16 28
17 93 25 86
36 82 91 83
12 27 88 76
55 70 69 28
26 76 96 68
71 82 46 16
17 47 92 80
36 78 83 32
48 96 55 63
21 39 98 33
15 58 57 58
5 14 15 94
7 84 8 47
65 67 21 42
20 66 4 2
68 79 99 87
23 84 68 13
13 47 45 13
28 86 65 42
31 56 47 21
20 50 36 35
7 86 23 0
21 85 87 50
26 62 15 12
12 15 43 83
45 68 17 2
31 48 20 56
13 42 66 71
35 91 62 41
27 45 19 69
63 68 25 98
9 58 72 48
75 95 72 61
22 37 30 13
67 72 56 72
45 92 95 11
35 63 36 45
46 84 90 25
40 86 4 97
42 63 0 59
82 83 2 30
31 58 98 73
37 91 59 0
38 73 28 39
4 36 24 55
39 68 40 11
67 79 48 79
32 81 77 20
42 70 2 61
28 42 16 3
23 74 92 66
16 95 29 32
30 63 22 43
34 86 86 49
25 85 42 24
24 77 26 33
2 55 50 42
28 66 51 70
10 62 95 69
1 73 74 35
58 86 9 62
52 99 24 72
12 17 77 36
15 60 62 24
53 69 29 28
1 48 98 10
73 94 82 99
4 73 47 1
6 74 39 57
9 91 56 68
59 65 1 85
9 44 82 93
50 87 73 34
62 88 37 49
28 65 15 99
7 43 78 33
29 38 39 28
49 97 2 36
11 17 19 39
1 75 49 58
12 44 63 82
6 36 70 45
9 19 66 59
15 35 5 6
63 78 70 99
43 91 6 53
72 82 83 15
31 89 8 63
17 68 66 81
32 93 29 95
1 93 56 70
15 85 74 50
45 76 70 77
15 20 14 83
10 98 51 28
64 87 19 70
26 91 16 61
22 96 55 37
44 90 30 98
20 82 55 58
3 9 89 23
18 44 48 26
51 70 78 25
29 63 97 96
58 73 8 74
13 25 28 10
61 81 95 20
45 48 69 19
56 80 43 37
10 80 43 8
74 96 22 71
24 54 96 83
49 72 58 35
6 39 58 23
7 13 96 57
41 93 77 37
26 92 69 64
42 65 41 89
16 23 85 41
19 46 26 71
4 60 92 82
50 73 60 52
12 47 99 71
5 8 43 30
55 85 90 6
27 68 19 4
9 71 95 33
84 90 57 96
56 68 64 73
76 86 38 29
78 95 37 63
4 99 23 66
33 53 23 94
48 72 17 94
88 95 52 97
36 41 73 79
69 76 58 97
24 74 49 34
21 62 69 79
22 44 97 18
39 59 53 70
14 55 61 47
72 79 25 80
23 88 64 75
6 84 35 37
58 59 57 95
5 97 18 14
10 31 23 46
88 100 68 100
11 72 91 100
63 96 34 56
3 47 47 63
2 12 13 72
52 55 44 43
5 91 32 20
10 27 23 65
52 72 43 53
22 90 64 85
29 59 97 26
10 60 36 79
29 92 49 17
9 76 47 47
35 84 67 28
35 38 74 68
60 74 48 44
33 95 2 92
15 22 7 42
26 53 1 47
3 95 22 70
3 26 2 0
46 55 21 4
11 51 46 8
37 60 71 95
21 68 18 61
28 100 43 43
80 90 86 98
2 47 87 57
19 31 20 37
15 99 34 25
10 89 2 0
42 94 65 36
11 29 62 60
38 57 61 21
9 14 11 64
57 94 25 42
17 43 81 81
18 34 26 94
70 93 55 18
10 53 47 55
24 71 28 37
5 32 18 86
24 42 39 29
9 85 48 82
33 66 9 69
46 74 81 51
90 100 66 5
7 50 26 63
2 89 84 66
37 43 96 33
15 17 72 69
36 38 88 50
24 25 17 100
36 70 70 3
11 57 19 14
3 56 4 49
11 84 64 73
37 74 43 26
27 70 88 4
22 45 56 50
42 86 56 76
22 66 23 98
23 48 16 5
27 46 36 65
62 66 13 79
9 18 82 44
16 36 73 35
38 51 24 20
38 90 82 95
13 92 23 77
13 93 39 99
47 49 46 49
20 29 7 93
13 59 0 47
4 7 80 81
42 96 46 54
80 86 97 84
14 89 48 9
33 59 81 8
36 40 57 49
40 58 9 21
46 77 55 5
1 29 72 5
19 45 15 96
82 87 37 1
73 77 21 71
89 94 24 72
30 46 76 66
56 66 6 47
6 15 17 59
20 88 23 88
12 94 90 60
53 78 43 85
13 31 66 99
97 99 24 70
15 46 10 42
51 53 92 9
56 58 53 14
78 85 11 77
43 61 31 88
14 53 23 11
2 13 15 60
55 56 61 32
26 47 29 76
30 32 49 64
33 51 10 13
32 72 73 19
30 95 3 30
19 60 50 71
13 54 19 39
24 94 85 24
27 67 60 44
78 87 18 98
8 81 90 27
91 94 47 79
44 65 0 23
6 8 99 2
53 55 52 33
11 52 39 52
19 34 8 86
52 57 79 7
54 72 13 100
46 88 81 72
63 79 35 32
48 54 38 82
33 88 17 89
2 36 31 33
28 76 33 19
28 32 10 83
14 59 81 80
1 99 96 1
7 40 75 4
44 60 96 67
19 24 16 34
4 75 7 100
30 99 20 58
19 59 49 30
20 26 83 98
64 70 80 36
7 69 91 80
33 75 37 17
26 50 84 28
61 68 67 9
47 92 17 17
39 85 95 78
26 35 22 6
67 71 87 52
25 56 58 43
41 70 35 4
12 91 75 85
1 76 26 13
17 48 11 63
25 99 0 20
5 9 82 80
54 64 55 84
4 72 27 96
15 83 52 86
50 77 5 26
13 84 57 53
29 41 75 27
80 87 42 64
45 67 84 57
73 83 58 95
24 65 59 1
40 97 77 35
42 75 36 58
23 44 57 84
13 100 1 34
41 83 26 40
42 53 98 49
63 67 80 83
6 53 29 33
5 85 29 6
61 74 26 20
1 81 39 7
24 97 62 70
19 81 41 9
97 100 93 86
25 77 53 14
13 37 30 2
41 79 70 92
25 91 89 68
27 69 18 88
44 97 28 95
39 66 49 100
28 70 74 75
1 31 24 89
5 83 16 34
11 49 77 89
27 96 42 40
33 38 79 50
35 53 52 95
74 86 30 19
41 47 46 62
9 23 35 53
44 78 65 17
5 52 85 91
85 94 19 31
11 59 45 55
58 77 15 3
34 73 48 85
16 58 94 28
48 92 57 19
36 72 27 65
7 15 72 68
16 24 96 89
65 91 78 13
69 98 64 84
5 34 89 88
52 84 98 98
25 45 0 21
10 63 7 72
20 60 33 70
33 78 59 63
18 40 21 74
18 99 30 31
41 82 38 55
2 94 87 88
20 63 45 68
30 96 97 30
84 95 10 34
31 49 63 65
44 98 10 65
25 94 81 14
60 87 51 83
21 55 45 13
31 100 86 98
39 100 18 1
38 47 5 73
28 82 35 65
29 97 57 95
55 82 76 19
94 99 74 57
18 32 89 13
46 87 84 58
38 71 0 88
59 78 49 100
49 82 88 99
20 98 16 91
5 46 55 22
45 78 26 76
33 86 37 25
10 72 100 88
32 34 82 35
50 78 71 90
43 93 78 82
45 93 97 58
48 58 42 52
85 87 57 21
22 23 75 38
43 59 42 48
29 51 30 79
71 75 37 83
10 19 8 18
8 14 28 5
20 77 74 67
6 97 35 5
13 96 69 76
71 90 87 94
4 76 86 29
31 70 63 63
49 81 53 28
21 88 14 75
14 61 87 68
4 34 46 7
55 100 60 74
7 70 85 18
8 74 56 38
2 71 17 66
5 21 63 31
35 41 5 80
33 100 25 69
16 33 63 71
43 72 7 18
64 65 44 55
22 35 71 99
2 37 49 10
55 69 59 52
42 83 95 61
35 56 34 55
84 87 69 78
58 61 57 15
62 65 54 78
40 57 68 21
23 66 93 56
18 83 62 32
6 63 58 33
12 76 46 54
11 64 2 89
39 47 35 96
71 93 27 84
36 56 26 74
2 26 74 38
16 34 83 5
9 82 6 2
40 46 80 59
37 54 37 49
62 69 9 28
52 85 41 33
33 57 45 81
26 87 82 81
49 76 85 20
13 61 10 100
43 65 98 70
24 32 54 65
7 32 98 52
1 68 55 13
72 100 5 14
18 39 59 7
28 48 55 62
31 92 99 98
6 27 95 54
20 44 70 1
50 80 97 49
18 22 100 21
43 58 10 63
23 53 63 51
40 80 95 63
56 61 55 37
36 71 61 65
25 39 89 100
32 86 59 60
12 68 6 68
12 88 48 72
22 93 32 27
51 64 18 85
30 86 25 37
74 83 29 3
4 91 32 83
4 45 36 23
11 32 79 38
21 34 48 13
50 75 63 48
49 85 9 50
32 85 36 9
50 61 18 8
11 85 34 29
18 85 92 22
35 44 38 48
62 98 66 18
74 80 22 25
27 54 34 41
5 86 34 31
57 70 16 13
55 96 34 89
43 87 42 11
59 74 96 84
8 49 33 65
18 93 2 97
20 91 17 25
53 87 94 64
30 59 23 88
18 51 38 24
11 56 49 74
64 90 59 2
44 70 21 47
39 43 71 56
52 91 95 23
42 61 71 84
17 35 68 50
2 39 52 9
4 51 22 41
14 74 29 2
2 9 91 18
37 77 50 11
88 99 46 7
24 43 19 41
11 75 74 62
22 27 96 12
41 77 94 25
8 34 4 44
4 82 65 85
33 44 36 66
41 51 70 73
45 56 90 18
8 97 39 43
10 33 72 33
31 57 69 35
7 83 67 97
24 26 73 40
33 47 78 56
25 28 80 71
22 62 62 17
35 40 11 79
50 96 100 47
10 87 56 85
32 40 42 0
84 88 94 22
59 66 98 60
26 56 13 40
14 60 7 43
40 99 68 44
33 48 30 58
41 81 88 23
78 79 66 58
57 58 21 66
68 97 16 54
42 60 98 30
3 19 92 53
15 23 64 56
34 53 50 29
6 43 97 6
62 78 84 0
57 73 26 19
9 41 97 78
31 66 15 82
39 83 2 55
53 81 100 89
72 95 40 35
11 42 97 28
15 96 24 86
3 54 63 14
4 59 7 40
28 81 95 29
43 68 84 29
44 79 14 60
65 78 78 70
25 63 22 80
60 91 78 30
80 81 80 24
16 62 90 72
79 87 53 31
55 61 33 89
66 78 48 39
7 90 98 76
69 75 51 25
11 78 66 16
74 100 1 61
15 87 38 86
22 100 27 33
1 26 11 32
6 91 53 82
4 71 62 14
49 83 55 62
31 46 88 7
6 17 31 3
34 82 100 47
4 44 46 21
21 22 63 75
50 90 59 59
30 81 79 100
36 37 92 83
53 58 68 85
40 79 5 81
50 89 93 95
20 81 49 96
6 78 69 92
28 80 88 51
13 21 15 3
73 92 68 26
15 57 36 34
82 93 79 18
20 42 47 22
32 62 88 60
85 92 13 66
60 65 29 38
4 48 83 88
1 22 40 8
18 46 52 32
40 63 42 25
3 91 28 36
10 46 49 96
34 56 39 7
2 17 28 95
20 23 71 22
38 44 71 75
70 88 60 13
1 50 54 40
7 59 10 50
15 27 83 97
24 69 87 99
13 63 82 26
45 66 72 88
25 100 71 44
27 93 51 73
29 66 16 78
1 63 81 16
18 41 45 55
49 71 97 35
1 21 90 41
94 100 78 12
62 89 53 45
4 40 17 26
67 95 30 10
48 51 81 15
4 61 70 87
16 42 0 65
37 89 14 87
3 6 76 38
66 99 97 39
1 43 6 61
20 99 21 53
4 16 9 41
5 13 2 79
8 29 31 53
46 80 45 30
26 83 27 72
16 71 43 52
21 38 21 76
2 33 73 20
60 97 51 71
17 56 80 44
67 84 44 32
63 66 6 84
54 84 89 23
80 95 7 88
23 70 0 31
42 56 93 67
37 71 25 74
94 98 78 71
13 24 6 78
47 79 71 46
29 40 49 15
63 75 62 57
21 87 37 22
27 80 1 75
89 93 72 13
36 48 18 79
10 58 71 63
43 70 27 9
14 46 99 86
20 94 95 7
80 96 0 45
56 91 94 85
8 91 17 6
66 97 15 6
44 89 38 66
8 94 59 37
53 64 56 63
12 59 10 19
41 80 32 58
7 100 19 58
73 82 54 46
12 60 47 84
18 61 32 90
11 12 53 66
4 86 56 28
33 84 52 52
5 66 77 35
74 98 28 6
3 76 19 43
78 82 76 20
34 39 61 31
7 26 30 100
90 98 6 21
1 85 23 14
87 96 99 58
63 73 80 19
65 87 98 35
68 84 89 18
44 76 68 9
35 37 9 96
20 27 7 5
36 86 5 59
15 100 65 17
82 98 9 72
66 98 67 12
49 95 29 6
11 65 24 95
1 30 66 19
39 82 38 92
70 77 62 78
74 77 19 96
42 59 28 42
59 77 7 67
36 57 66 0
3 69 60 49
35 95 10 65
20 84 9 85
22 60 93 2
6 44 57 50
26 70 66 10
32 67 65 70
15 32 88 63
21 26 24 7
28 43 50 84
6 38 78 24
20 74 92 38
12 20 59 56
43 57 13 80
40 42 20 23
51 91 24 24
60 77 88 63
18 56 73 92
13 72 82 64
4 31 29 17
68 74 73 54
16 55 42 7
52 69 30 55
29 79 91 44
71 94 77 19
20 59 36 86
10 92 11 21
17 24 38 21
85 98 42 75
29 32 38 45
55 92 85 85
70 94 3 80
51 66 21 89
70 98 48 64
46 95 72 22
9 21 2 44
12 19 36 24
48 74 3 82
46 73 88 37
48 78 3 89
4 98 29 46
46 64 97 1
82 96 70 66
35 67 77 39
49 87 86 19
31 53 98 60
17 80 95 27
31 37 88 12
61 67 91 27
36 63 64 70
56 87 54 24
31 96 95 21
35 36 1 45
41 45 52 36
2 29 13 16
26 89 19 56
31 87 98 64
25 65 86 56
20 35 43 68
13 65 26 33
22 26 46 28
8 42 11 17
7 80 27 11
54 86 84 27
7 23 98 54
18 73 70 7
21 43 100 14
9 77 61 4
64 89 72 24
34 61 79 55
36 92 46 17
7 53 45 30
14 56 45 50
8 32 10 98
37 47 73 1
46 65 60 98
13 99 30 46
28 64 53 64
30 75 89 43
20 92 68 78
41 88 92 93
16 80 42 75
36 62 59 8
16 45 58 21
33 35 17 55
21 86 32 21
9 35 23 90
6 85 65 60
20 76 90 53
3 25 13 44
28 39 60 72
43 66 71 99
51 75 72 20
31 76 91 44
45 89 87 35
24 36 79 84
40 47 1 80
27 86 25 14
17 74 7 51
27 28 36 98
34 50 61 33
47 83 61 7
16 97 81 81
64 94 95 29
33 83 95 35
23 41 35 70
45 58 29 57
60 61 11 74
29 57 98 96
60 75 100 9
3 65 24 53
16 41 67 36
9 100 56 57
99 100 30 18
53 83 96 67
10 11 86 89
31 33 67 7
24 86 70 72
15 33 62 62
48 52 32 81
1 34 1 13
16 93 19 20
1 5 71 70
45 63 27 17
33 65 77 23
10 67 51 86
74 75 24 19
3 82 43 34
26 71 77 97
72 91 11 66
23 97 98 43
62 81 97 29
7 55 0 3
72 75 75 39
47 99 84 49
48 87 42 64
14 88 26 69
3 46 3 15
47 87 65 32
52 54 36 51
17 64 7 7
17 31 50 51
57 59 85 48
31 38 78 28
37 50 41 27
41 63 13 56
36 53 9 87
16 61 30 61
17 69 22 22
14 57 25 8
32 74 100 30
56 64 81 26
1 10 63 24
4 87 6 53
76 84 6 28
76 89 17 11
59 83 90 30
52 89 3 28
21 25 79 19
25 55 94 74
44 68 67 75
58 82 20 30
29 53 10 13
17 57 40 89
7 61 11 56
35 62 26 66
29 87 36 57
29 78 79 8
93 100 11 23
4 92 95 45
31 90 57 53
50 81 52 46
23 46 0 44
71 76 79 66
40 98 39 4
56 86 22 31
17 97 63 35
11 22 60 94
6 68 63 97
43 60 96 29
16 17 65 38
23 55 93 2
17 19 35 4
36 85 67 72
53 73 15 98
33 93 66 93
53 84 61 64
5 61 19 48
7 77 1 10
80 94 44 23
17 90 74 30
16 85 52 45
36 68 92 94
2 97 26 45
45 94 43 9
23 49 16 87
26 52 39 68
76 99 41 85
1 3 83 91
28 36 41 56
90 99 52 0
24 73 90 35
64 97 11 13
19 37 36 43
10 49 76 69
4 17 93 12
6 77 95 58
24 82 27 75
50 55 2 79
43 48 63 88
31 91 69 61
22 58 21 29
3 80 38 92
70 84 7 37
21 83 10 33
21 37 84 80
25 93 14 41
9 30 100 80
10 100 19 79
4 93 44 7
8 86 93 100
7 75 78 21
10 25 22 82
34 54 92 85
17 84 64 50
51 56 98 100
27 31 77 38
76 90 62 89
49 53 86 95
12 99 95 42
45 62 28 66
28 69 52 55
9 40 71 58
24 41 17 7
31 77 98 58
69 95 67 6
1 78 4 94
40 82 85 50
18 26 20 67
55 81 75 39
16 47 34 72
35 72 96 41
27 51 80 63
12 63 13 28
16 21 34 58
42 55 52 91
18 76 21 60
64 88 57 45
46 90 23 78
26 72 24 65
16 26 89 53
15 29 85 88
40 94 73 42
13 43 42 61
67 93 56 30
19 65 83 6
6 88 88 74
29 93 75 97
24 78 0 64
26 36 17 8
78 98 32 12
63 95 43 18
37 45 8 97
56 83 54 28
49 52 94 72
40 100 27 15
6 70 13 42
9 29 39 34
10 16 54 74
9 63 45 10
7 30 2 98
56 69 11 60
20 87 0 80
71 86 11 27
61 98 62 83
3 90 24 47
10 29 61 11
58 67 2 5
43 80 15 80
41 68 45 87
88 94 97 10
14 91 65 89
10 85 60 68
32 84 16 50
4 24 42 25
54 96 13 53
14 30 44 49
58 87 66 80
19 90 78 70
4 78 8 81
10 36 56 84
9 43 24 32
76 78 95 1
25 62 9 33
58 95 69 15
17 50 55 50
29 90 44 93
38 87 42 37
49 58 63 99
40 87 22 84
62 96 77 26
26 84 9 46
76 77 96 64
50 74 52 60
46 52 86 61
18 33 52 97
25 33 59 22
61 99 57 82
38 85 54 8
43 90 10 96
5 28 3 29
18 81 43 19
2 8 96 86
19 82 15 6
39 87 4 54
17 25 26 73
55 91 33 15
36 42 26 85
24 85 51 53
40 59 11 57
40 95 79 25
32 88 44 22
15 53 11 85
14 33 69 1
86 95 98 42
48 62 46 15
20 85 8 0
58 96 98 90
46 70 59 58
68 73 59 62
39 60 92 14
8 40 46 71
24 87 85 18
21 56 96 40
64 93 10 79
16 46 49 27
56 79 33 72
43 56 86 4
77 96 78 80
71 72 52 38
23 39 87 23
22 75 7 85
14 19 92 25
23 31 97 31
27 39 95 55
53 95 63 27
56 84 73 61
8 52 14 98
59 94 25 8
43 47 97 7
93 95 26 59
14 75 36 86
45 88 56 48
26 41 42 95
35 45 24 53
3 28 28 70
30 54 57 2
32 89 17 54
11 53 24 33
41 89 90 29
63 81 10 27
25 42 57 16
14 72 42 56
33 81 100 33
11 48 7 7
67 90 24 43
3 12 10 26
45 49 1 44
30 100 69 61
33 63 28 89
33 90 93 93
32 79 90 10
45 47 89 27
6 51 22 45
26 95 33 53
51 98 94 81
72 88 21 13
53 91 63 41
18 97 75 2
34 63 66 72
6 61 70 34
25 97 25 80
62 64 50 29
25 47 17 54
6 41 59 79
78 89 12 3
31 79 18 71
18 94 27 22
33 89 30 37
51 67 45 48
43 62 82 49
2 93 12 53
47 77 88 84
13 89 25 47
44 94 71 21
31 50 20 68
13 56 56 46
59 99 32 73
13 52 59 81
85 89 72 52
55 83 19 95
13 50 23 15
96 100 6 24
23 26 94 69
40 68 19 14
29 30 81 38
21 31 81 78
9 46 75 26
21 58 2 87
11 37 33 98
43 64 76 49
54 78 50 86
42 88 16 63
13 14 57 83
11 70 79 80
48 61 58 55
34 99 41 14
46 62 82 67
84 94 55 85
26 42 76 89
4 5 89 80
37 65 95 36
42 100 39 12
38 61 94 73
58 93 90 92
7 57 84 87
65 98 53 98
4 10 75 34
15 70 62 69
7 12 38 69
60 64 43 41
5 27 44 55
19 72 95 85
13 18 37 0
1 64 91 9
25 27 96 50
2 15 37 84
14 51 79 85
79 80 93 39
46 71 19 86
21 95 90 67
6 23 93 16
21 70 89 61
68 93 70 38
6 11 3 8
13 76 69 94
52 80 60 58
11 80 90 56
25 46 91 54
39 75 11 62
7 41 23 76
63 84 68 95
35 87 49 39
25 37 58 92
39 64 38 41
78 88 85 15
3 73 34 74
39 45 90 70
6 76 4 27
42 92 52 16
32 57 12 90
34 76 52 99
58 65 8 32
22 85 65 72
26 64 93 85
27 38 0 61
89 92 45 31
38 93 18 13
15 84 55 65
36 97 31 93
22 47 73 81
8 87 58 78
6 65 9 32
59 85 77 93
45 86 16 86
16 98 35 16
13 85 15 24
38 95 58 32
49 74 36 47
6 90 31 49
20 40 19 77
81 82 5 32
61 89 22 19
68 100 7 6
1 46 30 46
81 89 73 58
47 51 98 37
9 20 32 69
2 56 80 88
11 95 90 27
28 47 32 64
21 79 7 76
71 87 23 32
39 92 80 73
21 93 93 11
21 92 55 93
36 61 55 81
39 41 80 81
6 30 55 75
10 47 16 65
50 100 84 13
1 74 27 55
8 100 81 9
15 28 43 65
54 73 98 60
25 52 76 22
76 97 97 38
11 98 51 49
13 82 99 47
24 40 45 97
8 27 8 28
5 80 32 89
2 20 46 16
23 45 58 62
39 49 30 32
34 48 2 51
53 54 56 64
8 20 73 64
2 86 35 48
8 54 22 94
69 73 47 15
22 40 35 4
59 80 73 71
16 64 19 61
16 18 45 29
1 14 24 53
14 93 56 96
3 37 76 33
52 78 41 86
14 58 51 99
55 72 90 50
84 99 9 49
96 98 64 3
4 12 45 19
37 59 11 51
58 75 4 69
7 92 59 89
41 76 34 60
29 61 40 98
50 85 57 41
70 86 44 76
6 100 68 76
42 82 68 29
24 44 39 89
4 35 71 24
4 88 49 44
58 70 49 86
25 53 10 65
21 66 86 3
25 40 57 58
19 21 39 60
18 70 95 29
27 48 43 100
18 47 66 93
14 37 52 20
60 89 42 61
23 86 73 48
91 98 71 56
1 16 50 73
18 55 39 100
6 25 39 42
1 35 3 58
56 60 98 33
3 97 0 55
51 85 96 10
42 93 2 70
56 82 26 66
46 61 29 1
32 64 14 16
52 96 74 45
11 15 61 78
42 76 87 98
43 86 38 83
2 41 74 93
2 38 26 98
81 95 49 31
5 62 6 18
32 75 65 24
59 72 66 85
5 24 49 91
71 78 60 93
39 50 33 95
10 95 28 28
26 46 62 48
24 58 1 38
8 82 26 15
59 92 22 17
47 91 42 1
29 95 26 83
45 84 2 39
28 35 22 86
36 93 68 99
53 96 27 60
30 50 57 62
14 71 91 14
37 99 40 83
12 78 70 75
9 84 89 60
58 78 43 31
31 42 58 0
26 79 12 63
3 85 38 18
17 33 75 29
16 91 67 90
58 60 51 50
8 50 60 36
45 91 83 52
54 94 87 12
27 99 77 75
33 43 30 83
50 97 37 84
10 14 4 8
18 89 86 11
21 60 60 52
43 76 26 49
36 54 85 73
19 100 92 9
13 91 17 59
9 93 26 64
13 19 3 76
79 100 38 68
12 73 47 70
37 90 85 48
60 98 9 23
2 49 79 19
46 99 83 14
36 51 71 56
17 45 89 36
45 71 13 47
32 80 39 37
33 73 58 22
10 37 77 81
49 60 46 44
28 46 24 58
21 47 56 22
20 71 16 29
4 38 82 25
27 81 59 35
63 99 36 83
64 92 55 81
67 78 13 18
29 74 8 91
32 56 66 87
79 94 72 4
81 90 59 7
10 93 14 10
46 86 87 61
8 19 27 8
50 54 25 59
34 43 9 5
61 66 24 22
40 55 67 94
60 80 18 95
35 66 21 7
27 63 28 68
30 74 70 99
85 96 4 22
7 72 68 100
69 70 31 89
70 80 35 21
25 43 87 20
82 92 25 60
58 79 94 17
12 50 28 24
25 96 83 90
47 89 38 76
6 37 75 47
82 88 19 62
28 41 44 8
33 67 11 33
30 61 21 29
28 96 65 57
42 58 72 29
55 97 4 25
73 81 36 57
40 52 16 88
41 84 50 73
7 38 62 48
74 76 42 88
9 34 61 92
45 72 6 94
2 4 12 99
13 35 52 8
3 94 24 85
33 82 3 36
3 16 38 7
4 15 93 44
62 79 83 38
83 85 93 1
91 96 36 96
54 55 87 32
33 49 24 3
51 95 85 24
19 79 21 96
18 100 11 43
23 40 87 42
56 85 40 14
48 88 67 13
4 9 94 11
56 97 53 21
38 55 55 68
63 88 18 68
86 98 11 22
43 67 24 7
4 94 71 31
9 49 66 39
16 77 28 29
69 72 40 70
53 57 30 85
52 92 76 45
40 51 5 0
44 75 37 11
14 39 8 9
10 24 29 11
43 81 84 44
3 17 48 12
48 93 19 5
29 67 32 22
5 75 95 42
33 46 94 24
38 74 3 61
7 63 43 89
14 16 80 72
2 22 32 89
38 40 6 21
30 44 18 83
60 67 29 86
37 83 45 82
24 83 28 25
32 98 31 16
75 93 31 14
38 60 16 28
81 93 92 72
11 76 98 18
68 90 8 24
30 66 64 71
6 87 30 62
34 40 51 8
14 94 2 65
54 57 26 69
15 52 15 68
21 100 49 56
10 68 57 52
41 42 38 81
36 99 9 37
35 79 90 16
65 79 42 25
38 88 90 98
8 80 70 79
43 46 40 55
9 25 87 77
2 84 62 23
24 67 32 19
51 59 48 49
73 74 54 17
29 35 20 70
58 90 74 75
36 90 15 70
17 66 86 41
2 32 51 90
18 88 23 68
4 18 29 12
3 29 88 38
41 67 81 63
1 51 22 20
33 45 23 40
37 63 56 28
18 43 1 96
12 43 20 50
21 75 49 96
43 69 19 81
59 87 53 96
11 14 45 47
75 89 17 39
7 39 79 85
17 29 68 19
11 74 43 52
27 62 88 12
52 60 84 2
67 68 95 54
51 89 92 94
13 60 44 33
17 42 85 71
65 70 30 26
24 30 11 55
27 42 44 39
34 66 20 91
55 98 20 90
35 50 12 77
1 100 51 75
20 95 76 6
30 45 5 43
26 48 8 75
20 54 92 36
27 49 44 67
39 69 12 6
89 97 35 55
38 54 19 46
4 28 11 78
47 76 41 90
80 99 56 33
38 39 51 17
20 89 54 37
14 43 94 91
20 32 35 69
42 69 47 74
12 21 99 53
22 49 88 22
15 72 62 15
7 99 60 39
21 59 76 18
9 67 27 14
86 91 60 34
61 64 20 82
10 38 89 90
7 28 97 68
77 78 67 93
20 65 89 91
24 96 28 65
24 91 74 89
10 65 20 100
15 36 11 32
52 66 85 62
35 58 46 1
45 77 75 28
15 24 100 5
23 73 80 75
55 59 75 88
22 92 35 44
3 100 44 18
15 71 78 39
27 88 24 72
40 56 55 39
25 81 90 57
62 93 94 40
90 93 26 42
12 83 16 46
17 65 15 37
11 19 87 3
5 12 16 39
72 83 97 82
20 61 8 12
54 77 5 60
54 62 16 47
74 82 13 57
14 45 18 66
23 36 19 7
82 89 77 19
15 91 26 92
88 91 32 24
69 90 89 17
1 18 38 9
16 79 57 79
72 90 20 4
89 90 8 71
53 85 4 28
25 87 90 89
6 69 97 64
34 64 63 38
14 40 0 79
69 82 63 41
3 52 59 20
17 81 23 32
81 99 7 38
9 96 1 62
10 82 62 92
3 79 28 4
2 40 22 12
22 54 89 0
50 82 88 99
81 97 76 20
38 52 37 10
1 98 44 41
35 73 3 44
28 49 18 17
30 93 50 82
43 100 72 50
64 72 27 50
35 89 27 88
1 90 43 30
15 93 93 57
30 52 20 99
47 57 0 52
95 99 48 29
69 80 97 54
25 68 30 97
65 83 54 15
68 95 82 48
12 85 32 0
31 55 62 33
51 76 76 30
76 81 84 56
41 53 25 12
72 96 18 41
49 78 39 71
6 28 97 49
24 90 100 28
42 62 44 42
56 71 76 74
64 75 89 18
39 62 6 42
18 59 85 9
19 91 43 41
71 97 18 30
6 46 67 25
1 42 78 39
12 25 56 18
31 47 46 100
9 62 73 18
74 92 44 85
40 50 70 9
1 65 97 82
50 52 73 61
32 53 92 84
16 70 22 99
43 83 85 94
36 79 80 31
63 91 27 0
5 45 77 46
42 68 25 46
30 35 92 17
11 87 53 38
58 76 56 100
16 59 73 0
5 76 0 20
67 87 68 97
1 38 62 41
66 71 43 88
9 13 71 70
65 93 85 2
51 86 28 86
32 69 91 77
43 54 4 40
12 64 43 37
22 41 37 49
5 39 79 88
67 70 96 76
32 54 69 24
68 87 0 67
31 82 26 15
3 13 16 66
39 81 8 71
11 61 6 10
4 25 100 92
26 74 0 91
53 75 51 34
68 88 16 15
57 82 34 7
47 78 22 91
66 73 40 60
22 59 96 76
35 82 33 99
27 56 80 46
54 93 69 35
16 57 7 12
4 29 68 53
87 93 73 76
29 48 99 3
32 87 20 9
34 80 71 52
3 36 48 63
48 55 63 1
17 18 10 25
11 35 89 27
42 87 70 18
28 60 86 71
34 91 40 67
15 41 100 81
3 75 38 19
30 37 17 60
4 64 10 89
64 84 22 18
88 93 74 88
24 79 99 63
14 79 31 3
26 67 2 45
41 61 58 33
73 85 90 60
46 94 5 3
89 99 24 90
14 44 87 51
68 77 3 40
32 51 80 2
24 53 12 57
8 60 21 76
61 85 87 40
41 56 91 12
33 37 37 64
9 12 42 53
22 50 53 79
4 47 26 5
25 57 20 35
80 84 39 2
55 64 17 81
83 92 35 42
61 79 10 25
2 24 13 73
12 84 65 15
44 87 80 65
56 78 50 37
40 69 20 59
3 4 10 12
91 97 77 49
27 36 67 53
11 55 55 71
87 95 2 4
47 81 69 28
30 71 3 38
3 77 100 62
18 54 47 2
20 49 6 23
22 81 66 5
83 99 80 3
89 91 92 6
27 92 33 22
2 78 55 82
27 84 20 49
2 44 78 35
43 82 48 24
18 48 66 17
48 76 67 22
41 55 57 49
63 76 100 15
51 87 78 8
3 60 32 90
38 77 36 25
47 72 22 12
70 75 60 63
28 77 64 55
13 23 12 28
66 75 77 39
55 60 49 15
12 55 35 34
26 63 37 28
5 74 94 12
24 76 1 33
73 99 93 90
22 30 53 89
53 74 14 66
18 50 22 62
42 89 25 22
23 58 20 18
7 33 88 9
70 90 61 52
20 25 55 43
93 97 77 19
26 66 11 36
47 64 10 63
46 68 81 59
81 85 34 42
20 70 24 3
12 24 14 79
65 95 4 25
69 85 15 18
34 55 88 57
23 37 1 47
43 52 57 23
37 57 23 90
2 30 24 40
3 50 62 24
14 66 6 52
33 52 72 11
80 91 5 68
56 92 79 7
16 27 74 66
19 39 9 32
53 82 91 36
63 64 19 76
18 78 73 8
26 40 39 80
6 86 80 58
20 33 22 77
10 43 43 2
8 88 64 38
56 90 90 81
19 95 35 91
4 70 81 100
5 41 91 8
55 86 67 26
44 45 78 77
25 88 89 61
37 38 97 97
12 18 80 58
69 100 39 9
34 69 81 32
15 73 10 42
17 96 36 59
8 31 92 15
20 64 25 31
24 93 62 11
4 20 5 65
81 98 56 57
22 89 70 27
37 41 64 80
57 83 20 18
18 23 91 41
23 25 68 3
37 94 54 87
45 61 93 38
57 98 8 66
11 79 96 52
18 75 85 29
14 17 65 13
64 69 47 10
6 20 50 36
28 51 76 97
47 65 1 4
72 80 13 85
20 93 89 12
67 81 22 26
64 77 83 58
69 78 23 16
13 98 60 14
27 91 74 92
12 96 4 14
63 93 65 91
19 94 95 29
10 57 37 74
47 70 60 85
4 30 98 78
32 39 92 9
31 84 15 87
66 100 52 40
30 89 37 38
25 36 79 86
59 100 70 45
44 47 3 98
1 33 33 97
66 68 49 25
84 91 62 83
41 75 50 99
29 54 19 24
20 48 96 12
45 85 20 57
31 72 95 9
49 100 40 100
27 55 36 8
10 70 73 66
6 22 37 91
42 98 37 76
31 75 73 95
30 64 93 39
12 66 48 38
5 87 62 48
41 66 0 12
28 89 91 28
23 34 20 75
15 40 8 34
52 94 13 73
27 34 5 60
34 88 72 30
78 96 68 56
49 66 50 93
9 48 99 67
81 88 99 63
52 93 84 11
16 86 27 43
14 38 34 75
13 53 71 95
24 45 76 35
3 21 3 52
15 76 44 55
76 91 4 36
39 72 43 91
50 56 57 20
2 100 89 21
12 69 6 37
24 100 29 46
34 92 72 34
6 42 36 37
2 46 80 71
62 71 55 42
68 99 81 5
15 38 37 48
86 88 29 40
19 30 5 60
11 81 91 9
36 46 52 67
14 69 86 25
17 86 27 62
17 26 93 78
26 65 93 89
4 57 55 62
62 82 93 11
22 79 88 28
15 65 87 27
77 90 14 100
68 92 69 36
2 73 8 16
77 97 96 47
26 43 100 26
71 80 14 6
49 88 54 99
6 16 40 99
7 79 86 71
71 95 10 70
9 50 23 65
29 91 38 44
64 79 7 82
5 65 32 72
58 74 24 6
77 93 77 73
76 94 53 82
79 98 3 16
46 91 85 74
14 23 97 53
73 79 84 33
49 84 84 6
1 80 51 38
8 12 10 40
64 78 7 65
4 90 68 99
29 47 22 37
26 98 34 50
77 99 86 90
20 100 89 57
20 96 53 82
36 96 57 49
34 70 18 44
44 80 69 64
3 35 95 18
77 88 80 69
68 91 5 33
37 75 1 16
60 76 57 48
42 97 54 84
90 95 42 70
30 79 47 61
51 73 89 64
7 27 10 29
14 65 13 67
3 89 75 69
33 97 21 81
56 70 71 87
39 53 47 54
55 67 74 97
27 32 86 28
23 32 5 76
13 28 70 26
76 96 72 82
38 69 69 61
17 95 29 9
6 96 83 21
22 28 60 3
14 64 82 9
78 97 32 10
14 28 26 18
83 95 27 53
50 88 48 42
41 87 41 9
53 86 3 4
26 75 34 91
34 60 55 54
22 74 40 16
58 98 93 17
95 97 19 42
76 80 69 90
55 58 48 7
30 97 94 38
45 64 80 59
21 40 48 8
40 77 92 99
38 79 17 88
2 58 43 4
8 13 6 59
39 97 84 42
17 63 29 92
9 66 80 21
21 69 77 51
65 71 8 3
66 85 18 55
32 73 3 65
5 54 45 9
10 90 10 34
44 73 94 33
5 79 69 11
24 84 77 38
47 94 78 58
61 80 81 33
56 59 16 79
52 77 82 33
11 71 38 30
61 78 93 83
6 98 89 65
18 30 92 98
42 45 17 33
32 37 40 73
37 73 18 12
8 43 76 17
19 83 67 43
53 60 33 34
25 54 76 96
44 92 74 44
1 36 96 81
49 86 61 47
62 95 2 64
30 67 6 0
34 78 35 75
34 75 5 82
16 32 21 26
3 43 74 46
41 72 33 56
3 38 60 41
37 51 41 25
19 49 88 7
28 92 81 48
69 71 87 89
21 36 53 49
1 89 94 11
6 95 73 64
6 34 12 87
70 87 28 57
61 83 56 51
95 100 54 92
33 80 22 5
4 43 22 93
77 94 18 45
19 68 52 94
16 52 58 35
26 85 11 11
37 64 23 40
42 91 6 22
19 27 37 74
56 72 6 51
25 82 65 96
82 95 37 0
83 100 56 100
54 74 36 20
23 54 66 80
70 71 43 36
56 65 24 95
43 73 71 54
13 94 69 24
18 65 98 97
37 85 60 46
5 71 65 62
27 94 53 4
10 83 50 33
58 89 88 17
74 97 80 17
88 90 61 27
85 97 71 2
29 84 9 39
4 49 36 20
12 87 47 50
8 35 19 44
44 91 34 94
39 93 12 72
6 52 77 57
87 91 76 49
1 82 0 66
21 64 88 8
79 96 89 9
17 53 62 98
57 97 37 87
67 69 61 9
49 50 59 69
74 88 65 19
10 22 39 14
22 64 76 14
1 28 36 71
1 12 82 40
41 97 11 18
9 54 95 48
78 90 60 28
21 51 39 62
44 95 46 99
40 92 36 74
9 47 43 41
40 75 89 24
49 62 81 65
59 95 54 87
6 59 5 52
5 48 35 68
42 54 60 74
8 78 69 10
35 64 33 45
26 57 52 100
78 93 1 41
23 47 17 89
51 74 95 42
49 89 12 80
30 94 82 28
70 79 86 19
6 58 72 96
34 81 9 10
19 23 15 36
37 40 21 18
29 88 37 96
18 21 39 87
62 74 24 62
44 74 34 6
81 91 14 58
2 27 5 42
36 74 49 66
4 97 91 94
65 89 38 70
5 57 60 87
29 86 13 96
59 64 6 37
53 70 19 19
5 99 63 48
54 82 59 79
2 79 3 36
21 72 92 25
35 97 85 2
1 67 59 1
50 62 12 73
37 80 31 22
17 30 11 67
69 89 19 86
2 81 71 57
26 90 48 29
3 67 1 23
8 75 76 95
76 93 62 65
11 62 69 68
7 97 12 80
3 63 60 82
14 90 97 0
12 45 39 84
12 52 81 84
27 78 39 7
24 92 31 4
12 77 82 38
66 67 24 2
31 86 6 14
9 56 18 46
29 31 98 30
36 81 21 58
17 79 72 69
6 31 49 17
47 88 29 79
46 100 75 48
25 70 49 86
23 95 12 1
31 41 85 92
30 40 24 71
62 83 42 59
9 61 25 17
41 50 50 38
57 78 20 76
68 71 96 84
37 62 65 38
24 48 0 9
26 100 66 88
39 78 67 88
5 93 51 95
49 79 25 50
92 99 34 39
2 98 44 60
15 79 9 66
7 96 31 2
31 67 21 98
39 56 46 90
18 74 68 12
75 81 47 67
15 86 91 98
26 39 55 52
66 70 100 85
62 90 33 69
20 45 29 1
10 96 39 17
4 22 64 24
14 83 9 54
36 39 27 49
4 52 16 83
58 81 88 34
10 99 82 35
1 17 0 100
15 43 3 17
88 96 43 53
46 72 72 36
22 78 79 3
54 81 15 62
44 71 40 6
45 95 44 55
82 94 61 59
21 74 52 72
76 88 94 43
22 34 8 90
77 80 31 34
23 93 46 78
4 68 95 18
42 79 54 99
22 70 0 18
26 77 9 42
64 99 97 35
79 83 92 10
21 33 66 73
45 90 31 63
50 86 27 46
72 74 84 28
26 45 85 79
34 98 8 91
90 91 95 50
3 88 96 31
29 56 80 71
14 15 90 71
17 98 74 61
3 10 23 61
7 62 14 33
10 41 83 9
9 17 28 78
91 95 57 81
42 81 39 27
24 35 16 67
60 73 43 72
87 100 57 98
24 57 62 78
51 72 18 20
17 76 52 65
23 94 88 70
44 64 80 94
16 94 52 94
10 32 83 88
25 30 71 89
60 72 25 48
19 52 53 37
14 82 87 98
15 89 8 100
22 46 52 80
18 68 14 74
62 63 11 58
53 98 68 74
56 99 77 93
74 85 86 36
19 43 6 5
1 79 59 85
15 78 6 92
37 49 57 5
80 92 75 28
51 60 18 99
12 56 36 8
48 75 72 68
49 68 53 76
96 99 52 17
48 90 90 97
5 55 18 6
3 98 19 31
9 65 53 66
40 88 94 62
52 67 97 37
40 83 98 52
41 73 38 37
81 83 36 31
14 76 16 95
23 51 50 65
75 85 50 19
55 87 12 17
14 27 99 4
18 84 1 0
47 98 93 76
12 72 42 51
24 63 65 2
41 96 15 100
9 92 32 74
46 48 19 93
71 89 80 62
5 49 46 45
51 79 52 15
33 85 92 40
45 54 26 14
57 90 27 55
15 30 69 26
39 52 80 13
33 77 64 17
69 74 2 37
14 41 15 94
98 100 98 3
5 17 13 38
39 90 43 14
35 51 53 66
40 54 39 81
8 62 78 26
11 82 70 0
68 70 94 86
51 100 7 1
59 81 83 44
23 96 67 33
17 62 45 44
22 82 91 48
51 97 8 83
1 57 8 33
8 63 62 36
63 85 26 42
65 99 42 50
36 65 75 36
9 53 73 78
86 100 99 52
9 79 100 91
3 66 45 66
46 54 13 4
53 97 77 97
32 83 9 61
13 81 95 61
4 6 65 80
8 22 75 30
33 71 40 43
15 80 2 6
5 33 48 18
13 44 82 60
70 74 26 59
40 89 75 94
31 85 6 8
10 86 57 53
67 94 84 35
52 79 84 86
16 88 67 86
43 94 1 63
30 91 100 38
24 38 16 81
7 60 76 34
29 94 85 27
14 32 30 5
39 42 75 32
25 26 23 97
46 49 9 94
1 92 45 41
32 97 8 75
20 75 22 19
39 95 15 15
8 98 1 51
48 73 17 8
45 55 64 78
44 59 30 2
60 95 88 52
58 64 93 57
51 82 39 69
5 67 20 89
2 48 90 36
8 58 35 95
25 90 81 65
57 71 38 19
7 20 67 58
34 62 89 45
32 47 15 66
16 56 15 32
44 63 31 19
22 84 73 94
7 52 67 19
13 90 95 70
28 55 92 99
9 51 1 95
90 97 96 76
46 83 43 97
22 31 91 40
26 31 15 92
50 71 72 16
67 74 65 44
13 64 15 83
33 60 61 47
42 43 10 89
31 39 24 52
78 99 21 99
28 85 98 91
5 95 20 92
11 60 15 40
38 45 37 76
1 61 12 62
18 24 34 32
15 98 29 5
20 90 60 84
25 76 82 84
6 40 28 37
81 84 49 63
46 98 42 96
15 26 48 42
10 69 69 7
2 42 73 86
34 45 63 44
65 73 31 69
11 25 80 43
33 72 62 19
6 18 48 59
37 92 64 39
7 17 17 13
25 78 11 39
63 87 34 99
48 66 55 83
61 90 33 51
33 64 44 93
45 50 2 12
10 56 38 47
23 38 39 81
65 88 76 78
27 89 42 0
2 88 83 79
17 54 70 61
4 11 98 60
16 38 24 47
34 65 76 77
51 63 71 75
37 55 62 5
66 76 56 82
28 98 67 51
54 61 0 24
33 69 54 43
8 25 16 97
43 84 27 0
28 62 3 75
51 55 44 62
20 73 19 52
32 100 94 10
32 77 79 64
37 67 87 61
17 58 55 6
32 35 42 82
14 100 63 21
22 77 28 44
59 96 31 49
2 14 13 33
78 86 96 53
19 25 65 0
2 31 10 36
20 69 66 39
34 36 27 44
10 78 37 18
22 88 52 97
44 93 31 46
48 85 3 50
19 20 77 46
13 74 99 29
70 73 17 32
28 37 80 62
92 95 40 49
27 40 98 12
21 41 32 75
47 95 46 30
36 55 84 87
35 39 5 20
44 69 84 25
9 32 82 78
47 61 52 89
6 12 51 47
57 62 32 69
24 51 47 11
8 67 26 62
83 98 70 7
27 61 64 83
46 58 36 85
37 42 49 96
8 26 86 17
29 81 26 46
1 71 34 32
8 83 77 51
29 36 3 54
27 58 16 30
68 72 89 42
51 99 57 32
61 97 56 20
54 66 90 32
5 92 95 33
14 70 34 67
13 22 14 1
83 86 83 11
51 88 80 24
5 16 11 57
54 95 100 6
73 91 56 99
17 61 22 29
61 100 45 98
3 93 60 41
35 71 88 27
9 78 85 58
5 100 66 8
75 78 33 78
15 88 85 20
6 49 98 3
18 71 32 68
16 81 100 22
38 80 63 79
21 84 50 58
14 78 11 36
2 25 46 33
28 44 63 65
78 91 79 79
8 85 91 80
7 95 67 14
26 38 76 6
44 48 23 43
16 40 39 28
42 80 23 43
78 94 36 85
79 85 22 7
32 65 15 66
6 79 60 8
79 92 47 1
38 64 73 66
7 14 88 57
24 81 23 49
59 86 69 89
48 95 22 87
35 74 84 7
21 98 56 64
42 47 46 50
1 72 63 33
1 55 69 70
73 90 43 64
78 80 8 22
44 86 51 88
7 31 73 74
12 31 29 41
2 18 10 19
30 36 29 78
52 59 51 76
11 50 63 6
41 64 86 51
67 89 41 65
2 62 37 91
8 23 3 23
18 19 71 83
67 97 73 83
41 90 44 72
19 58 97 16
16 66 2 58
25 61 91 79
12 65 74 26
42 57 74 79
26 33 77 95
57 81 41 55
16 54 87 55
16 50 36 54
15 59 90 26
2 53 92 37
36 98 92 70
18 91 76 85
47 96 79 84
9 42 92 52
56 98 95 66
38 59 66 29
20 36 77 17
53 59 77 32
6 60 84 71
2 74 24 26
44 50 18 92
8 79 40 75
22 32 17 88
44 62 35 27
23 50 56 87
5 44 27 91
17 100 51 53
64 96 58 38
46 69 94 99
32 61 36 47
7 58 5 47
71 84 27 78
7 82 62 3
86 94 11 53
36 50 20 72
47 63 84 67
13 87 20 82
48 83 71 72
10 13 12 23
10 12 24 32
65 69 46 49
77 82 21 40
50 84 67 49
67 100 48 6
27 83 19 26
35 57 19 75
31 60 81 41
30 87 63 32
67 75 80 3
37 39 65 54
28 79 53 44
4 53 44 59
14 63 41 57
24 47 55 36
1 27 35 98
6 57 30 38
15 64 100 36
49 54 76 77
44 100 47 69
79 97 38 91
49 57 64 62
61 88 21 32
24 95 27 27
49 77 13 22
18 20 46 76
69 91 51 12
37 53 74 89
89 95 3 87
56 96 74 11
8 30 40 97
53 68 73 11
43 53 1 66
8 84 24 30
60 86 37 41
89 96 78 80
16 82 67 25
62 73 35 81
71 77 40 99
57 69 0 93
13 78 14 46
46 92 41 47
11 54 13 59
63 70 72 92
35 96 58 12
32 38 10 43
34 47 33 49
17 55 40 80
15 61 99 50
19 78 27 40
12 16 67 43
30 73 65 79
47 73 13 88
29 33 48 33
48 50 27 92
65 80 64 62
26 58 46 69
21 52 32 69
14 85 79 47
27 95 91 35
35 98 4 73
9 52 64 56
12 42 69 40
37 66 67 0
26 55 79 24
10 44 8 69
62 99 14 6
20 58 32 87
39 67 44 86
2 85 14 54
8 76 84 90
50 72 49 51
9 87 3 23
41 44 62 78
3 49 18 10
6 80 36 62
62 76 7 62
19 77 68 5
52 65 39 30
11 99 70 22
19 98 43 37
33 94 25 65
8 73 100 36
1 52 33 99
3 64 62 66
50 92 85 38
6 89 82 48
83 96 21 57
3 32 15 50
71 85 90 18
19 86 81 98
2 68 21 84
25 72 47 41
66 87 96 17
68 76 20 28
50 53 83 66
8 53 42 16
1 94 96 36
1 2 69 32
40 65 54 100
29 71 52 3
12 53 19 49
68 81 88 63
55 89 35 67
33 62 34 81
36 89 66 10
9 24 92 51
2 19 86 6
67 85 56 64
9 15 61 1
17 77 49 9
61 93 92 0
92 97 49 41
56 94 58 48
14 68 14 55
2 50 61 25
10 81 21 83
68 94 43 20
41 78 39 34
39 74 80 85
33 99 9 9
11 16 4 3
32 50 23 10
72 87 66 93
19 71 2 55
29 39 49 69
11 45 74 37
49 51 73 80
60 99 50 100
30 34 7 69
10 79 14 9
8 61 84 39
84 92 41 93
17 59 12 5
32 70 67 47
43 55 32 30
61 71 18 91
30 78 47 7
16 87 48 52
79 99 31 9
54 83 35 100
43 49 51 92
6 26 3 39
27 76 0 58
25 98 83 55
8 65 37 81
45 70 16 39
7 45 39 18
20 37 53 76
11 39 44 30
57 64 61 12
6 9 38 48
12 71 72 16
44 61 92 86
55 68 40 0
31 62 98 89
1 62 6 29
79 81 38 0
6 7 63 14
13 48 64 20
9 73 53 5
28 71 35 40
88 89 17 60
74 90 98 57
23 92 81 67
60 85 7 95
9 28 48 62
3 71 95 54
45 99 70 91
17 67 51 1
22 95 6 84
8 17 89 18
15 51 59 14
20 55 42 38
9 59 73 75
30 76 78 52
69 99 72 29
62 67 82 93
31 32 73 97
25 71 17 71
19 73 85 78
2 87 83 64
74 95 32 34
24 34 80 56
68 78 81 25
6 21 21 40
96 97 31 16
7 76 10 40
58 97 78 17
14 95 99 50
35 65 31 38
34 67 51 29
47 68 93 66
50 98 3 90
13 86 61 88
15 56 80 32
35 70 45 48
38 65 18 39
34 41 91 91
30 84 73 29
41 43 17 53
47 97 82 69
5 19 69 47
14 77 66 47
38 86 15 100
60 68 87 88
50 58 30 70
50 99 53 96
33 70 93 99
12 40 61 64
34 97 19 66
28 94 22 83
86 97 83 73
31 97 88 81
68 82 30 69
11 73 57 62
5 94 91 15
3 83 9 29
61 86 78 53
1 25 8 26
5 23 4 83
12 30 8 51
40 53 97 61
72 94 82 18
22 61 75 75
51 54 84 1
31 61 60 93
15 68 21 32
57 60 64 94
48 69 21 90
87 98 68 87
40 62 30 26
44 84 52 52
66 93 22 94
34 37 31 77
28 54 0 63
16 60 26 19
6 10 50 53
1 58 66 18
8 57 5 11
13 97 2 49
3 48 14 59
44 82 76 63
55 80 4 21
28 56 44 37
66 86 67 34
70 95 85 19
55 66 53 92
32 99 90 16
26 97 89 90
24 52 32 46
28 40 38 30
50 66 68 58
51 78 21 56
37 69 42 88
82 99 68 30
60 66 58 35
38 41 67 96
40 90 65 73
20 86 10 85
3 57 15 87
13 45 13 12
19 29 97 43
57 91 80 85
12 67 44 28
81 92 96 71
11 41 43 33
52 68 78 31
2 28 39 47
36 59 78 76
30 51 1 81
44 83 34 24
60 88 8 69
13 15 80 69
7 73 31 20
46 96 93 86
35 88 50 59
20 80 67 87
52 53 52 95
1 20 18 93
60 100 14 76
4 42 66 21
24 75 5 98
46 56 86 28
10 64 64 67
13 38 87 75
38 62 36 19
79 82 62 14
32 78 14 88
87 89 90 55
40 71 1 87
72 97 41 62
33 61 8 44
61 63 58 57
43 51 86 48
91 93 39 35
3 74 92 49
16 100 8 0
75 92 98 5
62 84 74 85
11 58 89 48
3 41 34 64
29 89 85 84
59 79 48 11
22 25 99 57
23 83 32 13
37 98 7 99
17 91 95 63
28 93 33 37
27 73 65 99
23 78 58 10
38 99 66 73
41 94 80 14
93 99 28 78
14 36 76 91
19 84 30 89
59 73 30 60
8 77 61 8
38 76 73 42
35 46 62 55
66 83 87 30
23 100 47 84
15 25 60 80
70 81 26 26
27 98 26 39
18 77 6 19
4 37 9 21
31 94 45 93
24 64 2 18
17 40 49 94
5 96 12 60
5 31 84 97
3 42 20 61
56 100 39 8
18 98 68 87
6 66 38 53
29 73 83 54
38 81 64 95
2 10 60 24
70 85 92 35
12 95 16 48
3 55 90 43
65 77 79 90
25 67 70 66
61 87 23 76
3 72 6 95
28 38 95 8
21 28 6 15
63 69 69 41
90 92 65 17
58 99 51 95
36 77 0 12
93 98 94 24
17 73 25 4
60 93 58 16
10 20 90 93
57 65 26 93
23 80 15 3
20 43 56 94
9 86 79 74
21 27 49 14
71 91 53 23
58 69 2 41
83 84 63 34
19 75 12 0
2 99 68 7
65 76 98 71
86 96 93 36
19 96 98 87
21 24 69 19
10 66 0 85
29 68 23 64
20 83 21 7
32 92 10 10
13 88 74 37
58 85 13 96
39 88 32 29
11 90 42 26
37 70 47 38
24 66 100 66
21 73 27 83
40 84 70 46
65 66 56 69
4 65 6 34
79 95 83 72
32 96 29 52
12 41 26 66
64 66 67 29
81 96 84 24
20 47 14 21
17 87 31 43
33 41 54 9
62 85 88 61
22 91 2 28
90 96 89 68
16 84 27 17
16 68 18 87
8 47 61 42
6 35 73 28
50 70 31 93
23 56 4 98
29 50 37 39
6 50 42 80
32 71 18 93
38 42 76 28
47 59 37 19
76 87 99 9
31 44 25 16
53 67 37 26
22 86 88 23
12 61 66 9
26 78 14 48
30 77 65 8
49 91 86 98
74 89 35 88
35 47 2 74
38 94 76 27
41 85 66 67
12 35 43 57
2 82 64 78
54 60 25 72
27 53 53 14
57 88 7 34
79 91 66 96
2 6 44 88
56 88 85 71
22 68 51 98
39 40 84 58
13 69 85 99
54 71 9 97
38 43 37 11
1 83 29 70
31 95 16 0
23 27 15 93
62 100 70 49
34 57 92 15
66 69 43 0
8 28 62 17
30 53 10 6
19 80 0 90
23 28 44 64
7 24 8 90
61 96 77 46
16 92 98 92
12 13 30 67
80 82 71 28
9 33 68 53
35 61 28 33
87 88 65 48
1 88 60 76
51 80 6 36
70 78 34 42
48 80 14 29
35 54 10 93
92 96 57 77
15 69 81 29
61 82 2 91
39 63 51 39
75 99 15 11
18 29 19 17
12 80 79 90
53 72 35 8
35 85 32 81
10 59 6 7
5 15 33 71
28 91 67 53
20 38 70 10
69 83 7 29
7 74 97 57
9 90 18 43
9 80 83 48
16 37 60 58
17 78 15 95
8 37 47 81
14 29 67 41
21 54 23 62
33 54 61 98
60 79 31 73
43 44 93 42
57 72 66 74
4 23 31 32
22 52 18 85
10 74 79 24
12 29 0 81
24 98 62 83
33 74 15 45
12 81 2 49
49 64 38 45
20 28 78 47
20 34 64 70
5 82 50 82
84 85 22 11
54 75 19 58
9 39 28 44
4 13 31 17
92 94 53 93
18 36 29 72
20 56 19 92
39 86 46 73
56 95 92 54
55 79 25 3
47 71 9 93
54 69 32 6
25 38 41 81
83 94 66 11
43 92 81 6
23 90 62 21
29 99 0 3
50 95 66 18
28 61 90 10
6 55 75 69
31 40 96 26
51 90 47 24
29 46 81 42
38 78 26 56
73 78 22 75
6 73 58 54
16 89 20 57
30 33 6 39
2 95 64 8
29 72 47 69
29 43 50 15
32 95 32 17
13 66 65 83
36 75 33 52
57 79 93 85
11 13 34 35
50 51 12 51
66 82 49 44
46 79 69 87
22 43 27 62
21 80 69 9
23 72 89 63
72 92 80 63
53 100 85 33
39 96 99 100
20 72 3 53
80 89 3 45
46 63 38 69
16 69 58 59
4 96 7 93
86 90 84 66
21 82 28 68
34 59 82 35
14 98 0 66
3 58 5 59
24 28 73 37
60 63 54 33
29 77 9 62
28 90 21 41
1 11 91 78
4 79 21 65
54 89 80 55
16 30 18 5
55 90 33 55
35 86 67 95
31 93 55 39
48 63 66 36
76 92 39 62
65 100 84 47
82 84 10 89
65 86 51 52
64 85 29 34
31 69 45 68
39 65 100 84
28 99 63 79
34 95 54 27
2 92 32 11
38 56 0 35
93 96 93 74
1 96 61 32
56 76 80 30
23 91 80 8
76 85 94 31
60 71 97 66
28 87 31 76
44 85 70 86
84 86 22 93
66 79 56 87
11 26 100 27
14 49 41 61
6 14 18 38
10 55 37 17
40 91 41 76
14 92 3 97
59 61 57 95
6 32 63 14
37 76 100 44
11 67 18 85
61 72 15 89
6 48 81 85
7 78 88 49
7 10 41 4
25 79 59 34
51 68 29 11
50 59 86 36
94 97 26 96
10 26 31 16
9 81 24 60
26 93 51 59
5 56 52 37
28 74 70 28
27 47 45 31
72 78 41 99
34 77 60 83
59 62 54 55
65 82 29 67
37 52 88 33
54 87 73 35
7 94 46 58
3 44 29 14
10 84 56 22
71 79 63 100
51 62 26 48
19 97 58 60
75 96 100 22
8 99 52 87
42 90 86 50
2 45 65 67
65 92 25 46
43 89 57 40
75 77 93 68
47 50 100 66
32 63 64 79
33 50 8 67
55 62 85 100
23 29 81 8
28 58 84 82
19 85 64 9
23 64 60 50
52 76 92 28
29 70 47 48
40 72 79 49
65 96 67 17
10 45 67 4
37 97 2 91
24 31 16 35
7 46 46 55
8 21 76 51
22 99 60 63
8 36 0 65
79 88 54 20
14 81 100 30
83 89 84 8
60 62 75 90
67 98 70 35
3 7 26 60
39 73 2 1
65 94 17 79
35 60 33 100
5 84 97 32
56 74 79 60
17 46 33 65
8 89 86 43
5 18 23 91
62 86 23 99
21 45 81 92
25 83 19 56
87 97 67 3
17 70 56 47
75 79 81 59
41 57 81 88
77 87 80 7
8 39 55 58
80 100 46 69
55 65 32 91
36 69 44 25
47 84 11 9
21 96 58 72
45 57 26 77
32 91 82 75
31 35 66 6
21 50 93 30
44 96 73 16
58 72 17 10
77 86 92 36
13 32 67 97
7 93 13 33
6 13 9 72
25 48 58 2
56 67 52 61
25 50 99 89
69 97 58 41
63 80 82 87
18 79 2 10
74 84 15 66
92 98 58 17
11 69 23 100
3 53 94 57
25 86 33 79
62 92 3 89
93 94 63 12
53 92 97 96
38 96 36 57
87 92 5 79
56 57 2 73
8 24 90 15
9 69 66 61
9 26 31 78
46 76 59 22
61 75 73 13
44 81 3 85
60 81 47 21
10 52 78 52
1 4 41 52
22 33 56 69
39 91 23 81
95 96 59 31
44 57 96 24
9 98 3 71
54 59 43 46
33 40 29 91
39 46 53 7
2 77 24 100
49 70 39 76
21 67 47 30
36 47 80 22
48 65 10 55
38 49 1 5
54 70 48 47
28 50 18 67
72 85 62 78
66 72 36 22
16 28 60 75
25 59 21 58
41 60 32 85
11 24 94 99
9 57 44 1
58 63 39 48
8 38 97 76
50 69 83 70
69 93 87 47
19 63 87 100
29 100 26 72
46 67 88 82
19 35 8 11
52 97 4 60
36 95 100 91
10 42 90 62
42 51 30 48
42 99 94 23
48 94 55 37
52 81 2 6
22 51 29 100
12 98 97 64
7 85 22 69
17 52 87 12
36 73 18 90
73 100 6 13
7 29 78 49
47 52 43 21
16 35 39 37
73 84 61 62
16 25 62 1
75 90 66 66
36 60 88 49
12 14 93 60
59 60 96 53
34 68 40 96
54 85 75 86
32 42 96 81
20 67 74 29
70 76 35 22
31 64 75 24
50 94 20 97
57 84 75 11
59 90 89 38
24 59 95 35
39 48 100 83
44 49 94 16
25 31 27 70
55 57 10 3
18 80 20 85
31 65 0 15
39 94 22 63
14 24 4 14
11 20 6 3
17 60 44 95
62 87 78 55
2 67 94 94
49 55 21 11
54 90 53 37
32 36 2 7
35 48 10 31
25 75 21 56
2 7 47 52
51 92 96 45
65 97 57 53
26 28 86 52
37 68 6 19
22 24 82 57
18 62 40 75
51 69 92 13
45 96 70 27
58 71 10 36
34 42 96 4
19 89 21 26
61 73 90 94
15 37 82 74
31 34 10 30
19 40 70 69
54 63 46 53
75 98 1 60
55 63 24 56
8 48 51 80
57 61 93 7
47 82 61 15
19 41 16 0
19 28 100 6
47 48 64 69
42 74 7 100
7 35 43 33
72 76 58 63
12 82 31 60
76 79 100 10
5 38 93 37
11 89 49 32
46 50 99 39
16 83 88 72
25 29 2 44
6 19 99 1
44 46 74 42
78 83 55 87
2 43 14 45
69 84 31 23
48 91 17 10
54 91 80 31
40 85 3 2
52 82 41 5
38 50 79 93
9 22 32 52
36 76 27 85
47 62 49 11
57 74 20 90
50 76 29 4
52 98 66 13
8 69 27 15
27 97 8 75
9 27 38 96
69 77 49 5
29 96 29 97
11 93 70 58
35 59 43 49
29 98 38 77
68 98 77 29
43 79 70 90
39 58 86 58
21 99 26 9
76 95 50 24
64 71 53 33
48 59 15 44
8 15 40 65
42 84 78 36
15 48 27 44
18 63 10 94
14 42 59 98
26 68 96 40
54 97 58 64
1 37 1 85
41 58 62 6
27 41 20 71
62 68 35 71
20 79 77 15
15 34 59 80
25 44 93 43
51 93 7 4
35 55 41 60
7 54 88 89
9 10 13 22
55 77 14 93
41 99 66 1
20 57 64 53
40 60 21 2
12 90 58 41
76 83 52 17
2 70 20 26
34 85 85 45
29 58 26 13
59 91 1 2
29 42 11 39
53 76 36 65
3 40 67 8
14 67 36 85
75 94 42 17
9 16 16 55
13 67 0 23
2 64 100 62
23 61 2 36
42 49 73 46
40 70 57 3
64 95 85 93
17 27 39 63
5 50 27 68
9 89 46 26
17 51 56 54
38 72 40 3
53 66 38 27
18 92 32 35
52 100 12 55
1 60 18 100
61 62 87 51
2 5 25 59
3 31 68 76
46 60 64 3
31 81 91 49
4 77 23 25
7 47 57 12
3 87 75 53
24 33 91 96
6 83 53 89
29 85 20 15
2 3 35 21
73 75 78 54
16 22 35 59
54 100 38 96
44 55 87 51
51 94 71 22
23 87 70 68
10 76 78 17
51 83 35 0
72 77 74 9
45 59 45 12
27 57 25 18
2 69 13 37
57 85 48 79
6 47 79 22
11 77 53 83
44 56 72 66
1 23 72 74
1 47 26 69
20 41 32 63
86 87 19 91
43 98 74 49
72 84 3 51
35 83 61 45
12 62 16 86
17 85 71 23
41 54 73 55
79 90 58 80
47 93 11 26
12 100 2 41
37 72 29 86
40 73 34 1
32 58 41 84
37 81 7 56
36 49 3 93
10 51 55 97
23 57 1 89
61 94 24 13
32 66 55 8
23 24 5 41
15 74 39 37
60 69 28 98
48 82 74 40
32 59 19 55
36 80 86 83
16 73 100 2
29 75 100 0
38 58 8 5
44 99 49 92
5 69 22 70
19 50 5 96
57 87 18 90
23 65 58 94
11 44 39 37
65 74 64 87
44 52 53 54
57 80 94 46
29 52 68 44
89 100 100 81
70 72 18 69
19 92 26 44
36 84 45 11
11 38 5 62
50 91 33 22
74 91 37 71
38 75 14 4
41 46 33 38
88 92 52 26
38 84 32 96
35 80 32 7
59 63 23 61
2 65 49 80
45 100 100 79
21 76 2 17
19 64 17 100
13 27 93 97
33 39 84 35
23 76 44 83
16 65 53 30
32 48 75 93
49 61 97 81
72 93 87 8
41 59 10 47
21 23 91 91
32 41 78 79
15 82 84 61
40 44 73 87
6 33 14 9
24 50 78 84
20 52 85 44
22 53 94 87
31 45 98 7
18 96 0 77
77 98 51 59
27 75 53 89
7 89 25 10
38 82 65 62
46 51 76 29
18 28 52 71
26 54 57 79
