100
29 60 80 73
13 59 93 27
20 43 86 91
25 53 29 20
70 73 24 19
53 95 84 74
2 21 12 100
46 52 43 1
35 54 21 82
26 27 69 9
69 73 58 74
79 95 63 47
72 85 92 19
64 91 40 94
90 97 33 87
21 99 82 2
48 87 42 32
32 93 34 20
34 56 93 23
36 62 49 12
4 41 71 99
13 68 60 27
98 99 91 24
68 90 20 83
28 38 51 73
43 97 0 91
53 57 49 89
19 49 50 51
43 61 41 36
6 76 16 66
28 56 13 66
24 74 62 61
42 43 10 89
11 75 92 89
67 89 19 37
20 69 77 3
11 22 96 19
24 37 100 38
9 58 19 6
55 95 72 77
56 64 95 3
17 36 54 70
76 78 16 39
50 79 95 38
54 99 91 70
50 96 1 28
48 60 61 73
9 52 40 60
45 77 10 51
18 62 41 20
66 97 17 33
10 88 78 55
22 62 86 11
30 43 55 75
40 52 64 69
89 94 40 70
14 92 2 22
24 95 39 77
22 95 58 54
4 91 55 94
64 96 10 65
18 70 78 70
53 92 4 10
35 58 12 81
40 72 62 78
87 92 54 26
21 68 71 64
66 73 72 12
44 63 64 26
86 94 37 67
54 83 16 30
44 50 35 29
47 84 12 95
4 27 16 34
43 71 37 73
62 84 90 99
26 82 24 16
8 72 86 41
40 100 100 70
31 78 86 87
61 67 30 15
19 96 84 99
65 88 77 9
37 39 62 51
22 82 11 36
24 64 64 60
46 51 0 14
18 60 93 32
62 87 37 69
42 69 2 54
6 21 99 82
13 63 58 66
19 41 20 16
3 36 66 43
19 87 12 55
53 58 67 97
30 44 72 83
7 8 55 13
58 63 13 1
26 85 49 12
15 100 29 20
17 76 27 41
12 81 49 52
20 35 56 24
15 19 43 57
35 68 21 19
63 83 54 71
26 74 29 81
92 95 25 48
37 38 63 87
4 99 31 77
1 86 24 52
7 40 30 83
33 55 53 73
78 100 23 4
31 99 94 97
11 65 20 28
11 95 20 1
13 90 36 72
12 58 58 43
11 25 88 13
20 32 26 62
9 90 60 76
9 10 60 14
47 75 41 95
16 77 47 94
72 74 28 30
15 24 50 35
50 73 100 68
9 79 99 96
31 81 69 77
18 47 42 51
46 63 90 97
2 24 4 79
17 79 18 18
43 88 4 25
36 57 48 84
20 95 91 60
95 97 72 51
46 71 9 27
24 60 47 11
30 64 2 93
10 46 81 44
52 79 1 79
74 85 70 71
25 36 84 90
41 50 34 97
12 27 43 71
11 66 73 67
71 97 68 29
30 68 63 50
54 81 23 36
78 93 58 1
16 80 49 66
75 86 27 98
25 40 32 73
38 54 10 46
34 36 54 97
15 30 7 100
33 50 94 4
46 95 12 47
56 61 80 13
38 39 49 33
8 81 20 75
64 92 48 10
10 24 68 83
91 96 91 75
34 97 70 17
47 100 32 20
40 80 80 79
10 19 52 83
74 88 30 0
23 41 70 78
63 72 55 33
96 99 41 43
1 100 27 96
10 33 92 82
51 59 75 53
22 31 38 5
19 88 82 8
44 81 61 13
69 99 97 64
6 61 46 70
15 86 70 9
65 78 37 57
55 86 33 66
41 64 96 47
78 89 71 22
15 98 30 34
17 27 100 86
49 78 82 94
5 58 27 45
19 39 99 79
3 21 56 49
48 91 100 3
14 63 100 98
63 97 10 0
86 100 67 17
23 73 9 88
33 58 83 62
2 38 87 71
6 47 59 28
59 85 69 18
18 57 10 33
24 69 65 100
15 53 22 85
14 96 56 73
2 74 25 37
65 68 92 82
16 69 26 68
28 79 72 64
11 38 45 10
3 93 79 75
24 94 42 97
39 45 27 2
23 100 54 28
21 94 86 71
23 31 17 64
30 90 63 44
7 100 38 58
3 68 16 74
42 77 52 81
16 49 8 14
6 32 64 71
9 60 70 90
38 44 4 14
70 98 42 60
13 34 100 77
26 87 61 24
3 29 83 7
24 44 56 78
27 76 77 64
1 27 74 27
12 18 10 77
66 67 77 3
11 41 59 36
52 96 68 22
45 67 24 72
74 97 66 33
20 87 80 94
36 92 41 82
50 97 75 68
15 84 88 28
36 99 25 89
24 39 70 40
40 68 2 16
40 92 42 63
21 49 37 66
21 50 95 51
27 100 95 35
35 39 13 80
8 52 25 34
16 62 75 98
6 9 71 83
9 11 64 53
8 39 29 67
66 100 36 21
29 68 38 8
77 96 78 75
41 86 23 57
10 56 36 39
49 61 57 35
21 57 13 95
20 75 62 60
13 41 62 21
13 77 35 55
62 85 28 85
13 55 68 34
49 67 5 60
16 100 95 31
64 65 77 77
10 96 32 34
2 97 66 72
39 54 44 67
54 96 60 30
14 38 7 68
2 26 58 2
16 34 86 80
32 34 8 12
14 49 47 46
76 83 51 44
18 82 87 55
50 93 51 85
20 23 61 53
4 66 12 82
41 79 73 30
30 87 90 34
23 67 59 96
20 56 39 31
33 87 14 6
55 99 59 37
17 89 67 20
43 89 68 53
55 83 61 23
20 29 33 85
20 22 20 10
21 62 69 56
40 94 15 68
50 54 80 97
28 34 48 81
19 72 3 7
67 87 55 62
22 34 65 71
6 65 51 96
15 43 49 65
10 76 74 0
6 80 92 70
50 63 53 30
15 45 76 38
1 68 34 9
51 84 60 51
13 70 67 27
66 94 2 99
21 63 4 6
8 71 73 33
43 76 25 96
43 44 87 58
62 70 59 82
12 97 2 36
14 72 78 24
50 76 99 73
4 92 65 62
14 71 100 11
46 82 59 65
15 64 67 43
73 100 35 10
47 57 69 46
7 28 12 23
3 67 85 17
7 97 60 69
10 26 66 86
8 99 54 21
6 24 86 54
32 49 76 8
44 82 23 69
94 99 55 29
50 75 3 5
32 48 54 49
32 84 98 97
12 13 86 59
48 73 77 47
21 92 28 28
37 48 98 29
39 73 36 55
87 97 50 1
24 31 51 10
66 78 98 32
57 87 44 45
41 63 74 0
52 100 2 68
15 73 75 71
26 88 85 57
56 59 67 28
79 93 2 72
25 60 48 11
59 68 97 100
44 72 9 84
24 52 18 43
27 32 90 67
24 51 91 99
14 46 66 13
19 74 33 98
53 100 64 57
16 42 11 83
5 15 65 31
7 29 27 24
26 68 72 57
69 98 98 34
65 84 28 51
70 74 54 70
4 77 10 84
10 38 52 21
31 46 75 58
58 96 10 100
36 89 39 22
22 87 73 83
17 80 91 45
35 46 90 78
50 92 30 22
15 23 86 30
9 50 52 48
11 47 24 68
16 87 20 84
68 73 28 71
40 89 23 20
13 94 67 75
75 78 10 38
61 82 97 87
25 89 67 23
9 56 44 68
54 79 86 21
72 93 51 49
10 17 16 37
22 55 64 10
61 95 18 80
31 100 46 94
18 64 19 33
39 61 62 44
80 96 88 19
83 88 69 75
49 84 19 34
72 81 20 53
28 87 61 78
8 49 68 86
57 88 88 100
47 62 8 14
42 44 4 10
8 69 59 40
11 59 57 37
17 75 43 83
90 95 78 76
63 90 59 41
12 57 36 6
79 99 13 43
11 73 96 65
63 66 24 61
17 99 16 21
35 60 93 69
14 36 47 63
71 75 100 43
70 95 16 22
7 62 2 36
46 98 73 80
18 83 35 38
52 80 65 100
66 69 33 39
8 80 72 56
39 46 26 34
1 83 31 7
61 62 60 47
61 76 71 13
8 51 20 82
13 69 23 48
78 99 96 56
17 54 10 71
3 59 74 63
51 65 93 0
46 69 59 48
6 79 18 14
12 53 24 91
4 9 61 73
21 22 43 17
9 69 84 38
47 49 82 66
16 53 39 94
62 65 16 6
51 71 56 29
1 84 55 18
38 67 5 82
9 54 75 10
17 55 43 9
39 96 79 22
31 47 37 66
13 74 81 46
35 43 85 35
27 92 4 55
42 66 99 23
30 86 28 66
76 99 5 87
16 52 31 97
41 49 98 46
5 43 87 86
24 35 56 50
25 47 93 29
22 68 63 13
28 54 49 60
21 47 99 21
40 47 57 82
32 55 38 100
33 82 24 96
80 95 61 53
39 57 18 65
6 87 61 38
36 47 53 9
23 32 96 60
49 91 8 66
66 90 56 93
48 78 63 20
74 98 68 7
50 55 43 70
88 92 35 71
46 60 62 82
41 43 45 86
47 54 90 79
82 98 0 94
24 98 79 76
48 71 6 3
32 42 64 53
23 89 69 46
18 91 18 99
20 33 95 49
11 54 50 84
6 74 25 79
29 58 87 7
19 91 15 34
84 88 32 69
16 26 59 58
50 68 71 87
19 52 36 65
30 61 85 3
10 41 57 65
13 21 78 33
64 76 14 87
20 89 24 12
32 46 11 20
35 37 45 41
32 72 53 16
11 98 26 38
17 77 88 76
46 93 18 6
33 39 27 47
60 68 99 71
51 63 14 30
36 82 63 8
5 88 64 53
3 58 89 39
22 43 7 23
21 27 13 17
47 56 55 45
68 79 40 51
42 46 9 99
8 85 61 94
57 92 26 53
39 62 11 40
58 70 100 75
78 97 95 74
9 20 45 72
25 56 72 60
30 70 44 14
16 70 63 24
39 81 39 78
18 33 45 99
24 61 34 49
19 28 25 19
39 64 16 14
37 66 89 98
29 54 43 90
48 62 45 8
37 56 43 82
31 95 47 36
45 52 18 19
37 64 16 45
3 72 82 47
2 49 37 53
22 78 88 35
20 96 29 45
77 99 40 33
27 82 40 19
4 75 70 72
82 91 63 32
40 91 84 13
50 51 18 4
60 93 81 42
34 64 85 49
22 50 75 55
62 63 11 12
6 75 33 39
23 63 60 29
79 81 58 26
88 93 27 17
19 80 72 37
8 92 66 51
60 67 11 38
53 56 64 90
54 75 21 100
22 30 65 88
29 99 98 74
37 86 51 5
23 68 23 41
57 97 20 77
52 58 20 16
49 90 5 4
42 51 63 36
32 33 50 44
42 81 86 62
32 95 78 2
2 46 1 67
23 38 41 98
53 91 85 30
48 70 63 1
73 74 79 97
55 66 98 35
42 97 73 48
21 71 81 25
45 51 88 50
73 82 83 98
12 63 59 44
43 52 70 38
39 56 31 3
39 58 66 60
21 78 58 31
41 100 57 16
77 97 53 50
58 81 52 5
75 83 12 50
17 29 49 72
33 70 46 52
37 57 44 49
13 23 77 2
16 27 12 37
21 39 63 45
48 79 19 76
33 57 8 45
16 82 91 44
65 98 27 18
44 79 93 93
2 66 35 84
27 90 16 66
52 74 38 16
25 41 35 59
15 36 23 1
21 56 2 32
4 80 39 26
2 91 73 21
73 85 95 20
34 100 69 84
31 97 62 58
83 97 23 26
10 36 71 34
45 54 91 99
16 36 53 28
20 24 2 80
19 23 56 4
54 58 32 67
45 100 94 28
38 63 85 78
11 21 84 67
3 22 12 67
9 44 60 27
40 87 27 73
24 26 27 18
10 31 36 57
9 31 55 47
39 90 12 92
16 75 37 34
45 64 87 89
61 73 88 18
35 67 93 44
3 98 90 47
56 90 19 12
62 80 84 24
37 53 36 76
81 95 33 52
4 55 74 81
17 92 77 64
2 86 17 16
13 27 29 16
1 14 89 19
6 82 100 83
24 28 10 51
61 88 38 22
2 37 67 10
28 60 16 61
66 89 11 91
26 66 59 52
42 59 53 89
31 87 50 23
18 76 15 94
4 6 54 26
48 50 75 57
2 79 8 38
42 73 85 43
12 38 65 35
58 74 91 95
8 48 20 31
25 48 66 79
14 18 26 40
30 38 38 30
25 59 91 13
73 92 52 55
9 87 81 53
25 49 31 74
5 29 15 64
13 58 30 19
55 58 55 41
6 78 21 28
37 44 15 79
10 80 13 16
36 52 75 66
13 43 64 1
8 79 68 85
13 32 97 84
13 30 32 20
32 87 22 50
9 22 73 54
2 20 17 96
32 65 54 81
41 83 52 62
59 79 49 88
32 100 53 58
90 99 11 6
56 67 17 40
15 47 31 77
17 67 41 67
75 97 75 100
62 93 38 50
12 47 21 20
45 84 2 80
18 75 76 7
38 72 6 9
48 68 42 98
43 72 2 22
29 63 1 81
42 82 30 26
65 82 89 36
6 39 64 65
27 48 4 8
29 77 13 28
42 54 89 79
70 77 7 81
26 45 67 66
10 91 35 39
20 90 89 69
24 42 16 68
52 91 70 94
59 76 78 87
5 60 3 23
48 99 74 47
2 13 11 79
42 65 70 25
95 96 40 28
21 73 10 2
51 87 54 83
84 94 81 12
38 82 69 6
48 80 32 29
27 38 97 32
51 89 65 20
21 70 31 12
54 94 27 51
13 20 43 55
54 56 35 31
32 73 7 76
4 16 52 27
39 44 76 47
12 72 78 96
56 65 49 58
26 49 28 55
34 90 2 51
69 78 89 74
69 74 87 91
11 64 9 61
1 29 40 98
27 62 15 38
14 48 75 47
34 63 86 1
90 96 71 66
50 98 15 27
49 77 80 44
49 70 69 84
25 66 52 26
17 68 36 14
21 97 45 62
28 90 81 94
90 94 21 72
21 66 61 94
1 71 16 17
84 92 59 54
35 99 4 61
37 51 11 86
10 14 59 52
36 79 60 6
14 97 28 41
59 74 58 42
17 24 4 14
20 51 39 9
27 42 55 82
5 50 83 0
66 93 92 0
34 95 32 76
25 88 29 1
10 87 10 80
53 69 65 94
29 89 0 17
5 70 58 30
21 23 38 11
3 64 33 12
29 97 51 78
24 84 88 57
26 91 73 97
30 75 90 95
63 94 18 30
12 49 39 35
43 95 60 38
12 68 11 61
89 90 14 15
31 43 85 22
4 17 88 16
38 65 61 27
7 17 30 70
8 63 36 22
14 28 78 53
46 61 31 47
14 90 52 48
34 73 86 57
22 71 9 76
72 100 19 100
47 97 27 79
35 36 65 80
56 95 56 48
60 98 51 75
10 15 36 51
36 78 94 56
14 29 25 52
31 41 89 25
72 96 88 72
37 92 42 22
16 67 44 67
71 78 1 38
43 81 52 88
1 94 26 43
13 82 91 35
12 60 54 98
64 78 17 89
54 87 60 5
85 94 51 51
34 69 65 18
27 31 32 89
65 80 23 66
59 91 94 22
26 54 37 37
18 46 97 55
23 29 80 49
26 40 98 29
51 100 14 87
62 97 30 72
34 35 6 73
75 96 51 17
29 33 11 70
23 61 94 73
5 13 66 9
12 99 31 34
3 97 46 15
22 75 81 99
66 80 58 53
24 72 55 30
44 56 65 99
9 86 76 67
10 94 17 96
1 65 12 48
65 94 82 62
5 42 57 49
33 64 45 84
32 90 37 69
6 10 96 41
56 99 34 5
44 45 99 87
26 53 61 8
48 59 67 77
30 40 81 2
8 35 11 89
26 34 12 78
20 45 91 1
13 50 54 20
37 95 57 82
69 77 64 23
65 92 60 77
43 49 49 5
9 61 14 24
30 31 7 13
36 94 42 31
20 42 90 71
28 51 89 49
13 60 70 86
21 30 21 49
74 94 52 44
29 84 62 51
17 74 73 55
16 28 24 38
49 83 70 71
5 63 63 99
44 95 24 96
12 90 64 43
16 55 81 69
57 94 64 16
36 45 90 57
63 95 34 39
22 98 70 67
28 88 84 76
12 21 34 41
61 97 85 42
37 42 2 43
7 70 22 86
69 97 5 93
33 84 99 99
29 39 64 74
39 83 62 20
53 90 92 80
43 93 0 30
67 74 18 84
45 76 1 73
53 54 2 31
11 99 4 27
14 95 43 0
7 77 81 8
22 89 15 50
19 50 8 68
97 100 47 40
1 4 61 42
1 60 82 80
47 91 88 75
39 68 28 96
6 90 27 80
44 76 32 15
11 82 4 90
45 62 21 85
28 98 16 59
17 96 59 49
75 85 42 22
19 95 47 93
29 46 12 2
44 54 14 24
24 43 52 96
66 71 17 24
21 91 97 19
5 21 84 92
35 97 31 10
22 59 57 65
29 65 91 34
23 46 10 57
59 60 97 66
18 51 48 73
18 37 23 15
51 76 79 19
3 24 31 25
30 32 30 58
14 60 41 70
3 5 64 80
47 90 80 63
63 74 54 54
3 89 85 59
43 69 12 32
15 18 33 73
15 89 27 61
77 100 1 4
52 78 88 99
9 88 42 54
41 70 99 8
29 31 95 72
6 16 31 43
25 58 63 71
38 51 93 9
34 65 84 44
24 89 99 94
26 69 14 8
45 81 23 0
5 16 69 56
21 80 100 20
20 98 51 94
8 65 97 57
41 95 66 10
29 38 9 96
9 13 43 93
33 86 52 76
18 34 19 77
16 71 34 64
26 92 15 56
68 86 33 58
91 95 4 49
71 77 82 56
28 58 46 22
27 34 82 77
24 91 48 65
3 42 11 97
68 77 15 67
48 86 76 48
59 61 43 41
23 96 15 45
42 100 96 16
73 75 45 56
32 94 68 18
36 83 16 43
82 100 44 98
72 76 59 86
25 98 96 80
66 84 12 87
37 81 35 1
13 54 29 37
15 51 36 9
26 38 52 86
81 83 6 61
6 98 84 67
10 43 73 60
11 60 85 60
41 78 80 48
22 61 27 57
36 84 69 3
25 63 98 27
18 97 96 50
11 36 91 2
5 26 30 18
34 37 62 72
3 79 75 46
33 95 52 0
37 80 20 64
11 90 62 14
6 25 23 20
47 96 44 64
41 67 35 69
35 62 52 15
13 64 30 95
43 60 29 100
49 98 43 2
21 32 47 9
47 53 30 23
23 65 95 55
35 98 11 60
86 99 26 32
18 38 24 61
39 42 44 97
66 83 89 82
14 87 83 7
38 52 57 83
6 62 25 91
48 82 26 65
18 19 1 92
43 62 2 53
4 89 85 84
71 90 94 27
84 96 89 50
33 71 21 56
17 19 13 98
48 95 36 25
9 71 17 44
20 30 37 67
60 81 58 51
69 95 63 89
61 71 54 53
39 97 87 93
14 78 59 92
85 89 48 43
39 49 81 34
50 64 38 20
27 53 70 53
29 72 53 11
20 79 30 28
5 72 15 49
56 98 13 21
81 99 10 99
49 79 4 77
45 73 93 18
51 67 71 2
24 67 19 75
19 29 61 33
8 28 21 79
16 24 61 58
47 50 99 46
11 15 8 85
80 94 70 0
17 70 85 91
18 20 34 75
8 29 8 79
64 98 93 34
52 64 73 12
49 94 100 8
5 10 88 72
5 87 71 56
35 85 97 64
24 25 60 30
40 75 83 34
44 77 22 45
20 38 22 74
28 48 23 40
40 88 67 68
35 90 20 6
4 37 60 80
14 64 87 83
2 7 22 81
1 57 30 36
2 41 54 76
4 45 89 50
64 80 68 74
68 96 11 27
42 63 74 36
6 52 27 41
61 68 54 20
27 70 67 36
11 40 98 39
17 28 98 35
14 35 2 55
26 75 43 77
55 72 69 54
2 36 0 63
72 98 72 43
24 68 95 88
16 23 58 1
31 98 83 21
25 70 57 33
13 26 49 89
8 53 22 38
17 82 21 75
1 76 45 34
12 55 82 70
24 57 100 41
13 65 66 29
45 97 72 71
66 81 11 46
46 76 13 78
42 85 73 22
28 93 61 35
42 83 7 90
4 13 64 92
37 69 55 13
87 88 35 44
27 77 91 52
57 65 17 63
9 51 94 82
48 55 26 85
18 52 83 54
25 93 59 27
62 94 94 87
3 9 34 26
23 43 45 7
25 26 25 90
71 76 63 21
36 74 46 37
35 77 62 100
26 70 23 81
58 95 88 19
57 72 36 66
80 99 84 44
14 77 8 3
34 66 28 78
30 34 20 43
8 58 45 15
61 100 72 10
50 94 45 88
84 95 38 60
46 47 3 80
79 87 88 23
22 49 40 78
36 87 37 29
6 70 63 34
50 78 69 50
5 85 91 59
21 44 30 5
62 91 29 22
50 53 32 40
17 78 76 11
28 91 77 65
10 55 50 96
60 66 96 92
46 73 91 25
76 100 37 16
23 57 13 59
47 70 89 40
76 94 34 49
8 59 30 6
13 53 1 6
73 90 43 87
66 95 25 61
63 85 54 87
24 41 74 96
34 88 16 92
2 54 65 23
1 48 46 69
30 33 37 90
22 90 16 4
26 62 42 93
19 73 70 31
22 83 72 59
71 92 51 32
41 94 99 78
43 80 98 21
32 77 23 56
22 24 15 2
90 100 11 22
81 86 43 49
51 68 10 61
12 20 46 43
46 67 18 24
33 52 9 33
2 65 67 45
9 32 21 57
14 43 51 97
36 85 34 12
11 96 71 20
47 48 10 87
16 73 90 4
34 60 43 73
22 81 72 88
13 25 38 44
45 90 66 8
9 43 75 57
55 91 31 57
23 52 12 60
27 75 33 20
36 43 13 24
4 53 5 50
20 63 92 65
76 85 48 10
63 84 69 47
21 98 13 45
24 46 12 0
75 89 37 10
61 96 13 47
57 66 72 77
49 63 89 71
36 68 21 72
19 83 16 0
2 34 36 52
55 97 42 81
87 95 3 18
33 45 31 97
13 24 16 84
84 97 1 6
5 54 83 79
25 57 81 80
75 98 59 56
54 70 38 58
38 57 75 51
9 68 65 24
23 28 7 41
30 95 6 63
41 52 70 73
8 21 37 8
28 73 93 90
12 78 96 18
78 92 5 65
60 78 94 44
4 49 68 24
37 70 32 99
59 99 18 33
4 38 51 89
3 96 51 55
6 43 9 20
12 45 28 10
21 84 18 68
14 79 61 53
2 87 48 31
77 86 90 59
67 93 82 21
27 43 25 34
32 50 20 22
8 76 92 11
11 42 38 63
44 68 97 23
87 90 2 28
43 98 56 76
48 90 63 60
89 96 80 72
8 47 14 3
28 99 31 86
17 47 76 42
4 8 60 23
32 80 67 85
17 30 7 54
48 51 54 61
27 83 44 87
89 100 87 67
5 67 39 47
7 13 52 78
19 33 3 6
9 42 70 79
67 90 52 62
93 94 68 42
44 58 37 12
47 59 18 11
30 81 47 61
13 76 37 65
27 30 63 42
38 84 58 82
19 22 16 63
13 87 71 91
9 92 6 53
61 64 75 66
7 46 70 14
4 64 15 98
83 94 40 48
17 43 86 57
8 60 6 11
11 13 92 33
37 82 13 54
51 82 74 84
11 37 97 90
33 47 30 9
14 25 55 32
10 53 3 29
63 87 59 8
69 79 87 80
65 90 62 26
44 67 19 2
52 67 0 24
39 86 56 3
51 70 91 25
8 64 87 89
8 54 65 67
35 76 35 29
32 39 23 49
72 75 4 64
86 89 71 25
15 37 59 42
55 62 66 30
27 67 81 72
27 95 56 51
5 37 40 85
67 85 18 92
78 91 40 61
18 29 83 49
43 73 54 22
31 94 33 66
57 100 90 93
9 16 12 40
18 100 48 82
11 16 40 84
29 76 56 39
24 53 28 25
45 72 79 82
15 88 48 76
74 86 4 75
7 71 3 7
46 64 89 56
37 93 16 74
14 66 63 19
4 10 77 86
33 37 60 34
89 95 0 44
16 68 15 93
23 83 16 20
43 99 12 96
60 92 49 34
20 61 43 28
68 87 53 91
88 98 26 78
69 94 80 22
27 68 17 4
74 91 55 74
33 85 1 67
47 51 15 4
30 66 2 64
11 52 17 35
85 90 54 29
44 66 77 31
1 2 69 63
12 80 67 11
22 85 36 3
38 46 10 4
67 70 1 24
76 91 42 10
61 91 85 20
73 79 33 87
36 81 79 100
20 94 67 46
5 78 73 65
24 63 81 3
7 31 36 77
46 58 22 56
53 62 71 24
48 94 69 79
20 54 82 51
55 60 37 66
7 16 65 54
14 30 59 44
36 41 100 78
32 99 12 5
57 99 73 96
35 71 38 57
19 70 98 17
39 47 62 61
3 78 94 9
23 40 9 100
4 62 29 72
37 45 46 63
42 75 85 99
13 88 8 45
5 41 100 74
18 90 6 77
41 66 59 40
11 34 85 51
48 98 49 92
59 81 71 64
1 32 71 5
67 96 56 37
65 100 14 49
62 81 91 10
52 56 88 28
14 84 80 53
27 50 19 55
4 93 39 12
48 97 99 15
54 88 58 80
71 82 8 89
40 79 62 97
19 60 4 100
15 71 98 9
43 78 46 13
38 45 75 52
56 100 19 88
42 86 87 25
4 7 63 67
45 69 55 62
62 100 93 54
65 73 17 46
22 32 94 92
37 46 65 47
19 46 27 5
83 87 15 23
54 62 56 33
64 66 22 6
24 66 95 66
6 68 95 89
1 41 40 28
35 42 54 26
57 96 30 58
58 86 22 89
68 88 32 58
6 53 14 77
9 64 68 43
20 85 61 43
89 97 94 34
36 40 63 58
12 86 2 34
28 68 23 54
58 76 59 28
29 66 94 58
72 82 56 49
48 52 59 74
20 37 32 35
10 48 5 36
5 52 18 5
54 82 53 90
54 68 12 0
46 87 79 85
30 67 54 20
6 56 21 60
20 97 78 33
19 21 17 44
50 89 74 53
17 86 56 72
41 55 8 33
26 84 58 16
27 72 11 1
4 36 78 51
4 84 22 67
41 57 55 55
19 67 75 41
97 98 88 10
3 100 88 34
85 97 28 38
30 55 15 87
45 93 54 68
16 93 90 46
39 89 19 29
48 76 40 17
10 67 94 67
32 62 73 55
7 95 58 48
20 68 7 88
91 94 74 29
38 48 82 7
39 87 49 85
1 45 29 23
3 48 63 17
12 51 11 24
22 67 39 35
12 69 76 24
41 87 99 16
28 47 39 97
64 95 90 31
58 71 19 5
17 63 51 44
92 96 18 31
39 74 0 23
34 72 6 6
47 64 33 100
90 98 89 92
32 56 59 21
19 53 100 22
92 100 44 89
25 43 74 53
43 90 72 42
49 53 9 76
58 79 55 17
44 99 42 59
7 86 75 9
16 30 58 44
5 98 94 91
22 38 49 17
18 79 95 21
6 14 44 52
14 100 1 99
58 80 95 74
60 74 5 0
54 85 15 20
57 89 15 96
43 67 12 87
12 100 63 11
51 99 49 68
23 48 95 72
5 32 60 28
27 55 69 42
28 84 69 43
79 94 27 26
8 27 42 17
6 66 97 26
54 63 39 74
1 66 64 6
7 19 15 62
20 78 25 59
55 70 6 92
7 44 67 20
15 75 33 55
35 87 26 61
52 59 88 90
34 74 40 37
69 93 75 15
40 99 45 79
24 81 25 92
47 58 60 7
4 98 18 55
3 75 83 91
5 35 2 37
56 77 58 69
27 74 64 49
26 32 8 56
35 66 92 10
36 71 31 85
73 91 33 97
56 80 16 25
35 41 37 73
25 73 24 37
62 95 45 45
42 57 11 70
72 87 47 36
4 46 81 78
21 59 64 50
1 17 53 42
32 86 93 11
13 51 2 89
39 51 20 88
28 41 29 63
23 35 48 90
8 62 15 55
62 71 69 63
3 91 18 87
24 96 80 52
53 70 42 48
42 98 77 73
80 88 87 37
72 79 27 91
72 88 49 68
33 46 32 66
46 96 6 3
52 86 76 77
13 62 55 77
42 50 44 41
9 100 53 98
96 100 56 43
78 86 52 49
40 65 36 28
17 46 41 38
49 72 13 29
28 95 51 13
9 28 27 30
33 68 98 16
4 12 100 11
50 61 80 43
57 60 78 75
21 37 38 87
4 88 86 93
43 51 76 42
9 65 48 4
62 69 3 66
9 46 27 65
5 83 20 96
65 79 66 21
9 53 96 15
40 82 54 27
7 20 90 21
32 69 22 52
40 50 10 50
42 89 96 83
41 54 37 67
71 95 46 22
26 59 87 31
34 47 22 47
87 91 73 95
34 92 47 80
3 35 54 44
84 100 65 9
81 98 5 28
6 85 66 88
36 48 41 55
28 35 67 66
69 83 12 5
42 62 71 32
1 56 96 23
46 90 54 86
18 59 65 29
61 79 80 62
49 96 66 89
5 12 18 26
66 82 77 15
61 69 90 84
24 86 42 36
60 65 74 60
19 30 39 21
16 54 54 98
1 53 17 69
4 28 73 72
18 45 5 44
7 87 96 84
14 47 85 71
2 17 33 9
40 69 72 78
46 77 35 71
86 90 41 80
48 67 12 90
50 72 11 25
70 91 67 24
9 39 88 83
9 93 56 16
88 89 1 90
31 72 21 23
61 66 18 13
32 60 58 5
48 64 85 88
15 66 42 34
10 44 13 13
63 96 20 42
35 75 69 100
4 78 92 62
37 87 92 59
64 69 76 35
1 12 1 51
30 82 1 1
21 58 12 60
52 84 56 22
32 53 0 52
62 76 54 48
55 75 14 37
10 95 33 76
19 61 88 3
82 95 97 12
6 29 57 54
63 93 19 53
2 82 85 46
28 82 78 22
51 91 39 11
16 74 63 87
60 86 38 38
65 71 55 0
11 78 65 95
23 45 14 80
56 74 38 70
72 78 88 63
21 81 19 53
64 86 57 20
18 61 84 68
58 61 49 94
52 87 18 84
8 56 82 21
35 65 64 57
3 4 74 60
19 90 97 31
5 22 9 79
18 85 4 96
39 80 23 10
84 93 41 57
45 80 78 58
4 29 28 79
50 88 74 60
48 63 92 28
31 37 27 32
41 88 18 86
39 85 21 46
6 71 25 29
13 19 61 98
14 85 34 99
4 34 74 64
16 81 58 7
26 47 65 60
19 81 95 4
2 67 81 70
40 71 41 30
17 95 55 55
70 76 49 76
38 74 83 56
60 89 97 48
24 88 52 46
33 100 10 93
38 81 52 98
15 54 48 64
37 78 91 7
37 47 40 63
34 38 34 98
26 29 24 98
5 96 82 8
4 86 8 4
29 86 45 3
45 83 40 79
81 97 76 65
22 63 36 11
34 45 74 21
28 97 18 96
23 24 22 52
21 51 85 75
27 47 27 75
14 27 65 52
46 92 29 47
69 88 26 8
41 46 81 36
82 85 48 97
55 77 96 97
32 85 41 3
78 96 40 36
21 42 85 23
10 51 27 21
37 76 4 45
85 92 29 10
15 34 27 46
6 46 62 98
67 71 49 68
58 64 76 68
71 85 60 92
29 71 51 3
32 74 63 9
38 59 18 78
2 89 29 74
35 63 98 43
33 92 44 96
26 89 84 42
9 80 38 49
54 65 38 89
9 40 32 79
16 86 21 94
29 42 49 71
59 67 73 37
51 92 98 89
43 65 84 55
93 95 20 58
69 96 3 93
6 7 61 60
2 50 15 27
53 94 72 14
44 89 15 22
10 85 21 56
15 82 83 24
7 49 97 13
43 48 72 77
1 67 58 0
4 56 31 57
17 87 8 44
2 39 99 57
45 88 84 5
58 62 53 77
8 42 54 36
18 43 76 32
36 97 53 63
4 85 90 30
32 67 0 93
49 82 17 22
7 37 48 73
43 87 1 40
37 73 45 66
4 48 97 7
22 94 16 99
7 59 22 34
48 65 87 50
38 91 83 80
83 99 3 38
52 94 19 84
27 94 5 29
42 48 15 26
81 90 68 50
9 99 9 20
66 99 61 95
37 91 19 8
70 79 95 83
48 88 82 42
28 85 100 39
36 60 61 69
28 71 67 77
22 76 66 31
55 84 31 10
7 63 82 82
10 49 69 53
12 37 78 57
12 87 24 77
5 28 87 27
73 83 57 96
24 77 68 97
70 94 9 100
27 98 21 90
44 70 98 61
48 69 11 95
21 85 67 79
25 85 97 4
33 66 49 54
37 68 38 29
40 56 85 38
60 83 37 22
71 73 27 51
50 95 3 61
15 40 60 21
74 95 54 69
11 79 15 78
76 95 10 29
3 83 91 23
48 61 71 90
26 46 34 1
44 71 91 16
28 52 96 50
71 94 61 61
93 96 28 38
15 50 13 58
12 56 65 97
4 95 33 76
67 81 5 93
82 96 13 17
59 71 47 44
68 78 12 75
75 84 99 87
48 83 51 76
42 78 53 32
76 90 8 32
29 64 79 19
28 67 32 15
21 88 11 59
43 96 49 72
9 96 37 37
58 99 35 25
40 85 97 86
79 100 28 63
15 90 21 23
81 96 38 54
43 86 19 51
32 64 56 19
31 67 58 98
22 41 55 7
85 96 29 41
52 76 30 85
12 48 39 58
4 87 84 23
38 61 99 10
64 97 15 20
21 26 40 83
9 36 50 37
12 32 5 65
20 70 35 70
88 97 0 85
57 90 2 9
18 50 91 83
63 89 100 23
45 61 46 80
9 19 52 70
75 100 61 31
1 13 14 66
53 64 72 23
73 93 42 82
17 38 95 78
34 43 66 37
51 78 55 25
5 56 52 18
22 58 67 58
55 57 85 97
23 85 24 81
10 29 1 42
26 95 63 83
9 72 56 62
9 47 96 62
1 88 40 16
46 94 61 43
22 65 52 67
3 30 7 87
40 96 3 23
46 89 36 18
31 50 27 11
12 73 37 0
5 40 49 64
36 55 36 30
78 83 87 64
24 29 23 34
73 76 77 10
8 15 53 64
9 66 63 72
43 85 61 57
8 22 73 93
20 77 37 87
1 81 72 53
44 65 98 26
27 56 3 34
17 39 71 6
63 88 15 13
64 77 83 18
52 55 37 21
23 80 99 3
3 39 92 36
39 84 65 30
73 94 96 36
58 94 52 10
13 31 95 6
28 64 35 0
62 83 48 45
24 38 79 72
11 67 86 78
39 71 28 48
47 89 2 38
17 48 35 94
23 93 28 65
48 57 21 89
33 54 6 15
62 68 85 51
3 46 93 3
23 53 41 48
50 100 45 1
6 41 32 80
87 94 8 13
67 80 48 78
12 61 27 91
20 57 25 13
21 86 95 54
5 34 43 62
51 72 48 40
31 62 16 76
93 98 7 37
9 85 78 20
86 93 66 75
43 53 15 8
2 57 49 76
72 83 27 71
19 76 4 93
20 74 16 3
31 91 9 55
19 36 51 46
68 76 47 100
17 90 55 52
14 37 80 63
9 48 60 62
28 78 49 79
22 42 38 90
33 53 89 9
9 49 69 66
29 81 5 95
34 49 85 14
46 48 77 17
8 16 87 63
51 80 42 60
54 95 99 1
22 69 40 80
8 88 48 53
17 37 20 81
3 95 90 51
13 71 59 19
10 20 98 6
10 93 40 42
25 32 64 24
8 67 93 87
26 39 38 80
34 85 100 80
3 49 28 48
31 35 90 94
31 48 28 82
17 81 36 11
16 45 23 51
69 92 12 19
33 96 27 65
57 67 99 89
19 86 13 65
5 25 70 18
87 100 82 11
5 7 24 30
86 88 28 28
28 30 27 80
77 91 62 73
13 67 31 1
94 95 50 69
23 77 53 91
79 96 89 34
65 72 12 9
8 14 85 77
40 59 37 54
6 69 43 58
39 50 15 92
78 79 74 32
8 91 51 2
52 70 81 97
34 68 85 31
72 84 83 72
12 93 80 20
16 85 13 74
7 54 65 100
85 93 77 75
7 93 65 70
4 94 6 59
53 74 14 69
32 59 17 48
44 69 73 60
74 78 98 1
68 82 10 76
34 48 26 31
14 53 28 88
4 20 67 4
31 71 89 68
24 92 12 88
68 72 73 94
23 44 38 55
11 32 66 37
28 31 17 57
10 81 3 83
60 77 62 65
70 78 83 45
37 96 40 45
65 97 64 72
88 96 100 9
40 51 7 99
29 95 41 13
19 57 14 95
14 44 100 92
19 77 77 77
49 75 23 12
61 98 77 98
59 96 25 4
24 40 63 57
5 59 61 93
13 83 75 30
7 15 95 42
42 72 45 5
55 100 26 75
80 82 45 48
23 98 70 92
44 53 30 77
11 89 75 23
24 70 48 10
27 96 74 22
45 63 87 96
1 91 10 86
42 49 94 61
28 39 86 28
88 91 70 14
12 43 88 71
4 71 25 76
16 90 95 86
16 96 63 59
35 86 5 61
64 81 87 17
47 81 77 70
7 83 8 73
3 40 56 40
28 75 72 86
15 96 78 66
8 74 80 50
44 100 43 27
33 62 36 58
54 84 87 14
71 84 71 8
25 76 22 45
54 66 75 67
24 36 26 94
47 80 60 100
28 43 61 51
27 28 75 35
51 74 3 38
39 92 50 71
8 11 62 3
17 94 73 72
84 99 81 94
19 79 73 89
35 92 86 66
22 73 88 3
25 92 45 66
13 38 61 52
26 51 64 85
50 69 6 0
5 66 66 80
19 38 45 51
5 9 41 44
33 73 17 19
21 46 76 63
54 57 6 78
31 84 21 68
69 84 72 33
17 57 81 64
56 86 19 66
61 78 18 76
51 85 27 87
15 29 69 77
54 98 27 44
7 52 5 77
45 99 21 17
51 90 68 53
31 80 90 9
73 88 45 5
20 27 27 54
75 92 27 56
1 24 54 27
65 74 67 49
22 56 54 9
5 51 95 35
54 89 79 91
12 40 8 24
54 59 78 24
52 68 23 21
10 86 54 40
76 79 85 34
73 89 13 83
82 86 43 45
29 61 53 47
31 54 37 79
34 77 15 52
25 64 44 34
6 13 98 61
51 73 21 38
63 99 15 63
17 62 15 77
45 60 64 65
15 28 66 71
70 90 91 4
18 63 30 5
22 37 95 29
9 97 41 82
9 26 10 9
23 33 11 10
40 98 69 65
85 95 53 22
24 49 45 21
6 60 3 69
29 41 2 39
46 86 52 60
64 67 40 66
66 88 47 98
71 99 50 98
16 98 10 68
46 59 2 36
60 95 75 10
49 55 22 36
3 99 28 21
30 99 90 34
91 100 31 52
9 21 99 20
29 44 36 82
14 99 58 46
1 19 74 35
29 57 38 40
37 89 80 3
50 86 64 43
32 97 22 77
30 92 58 70
16 65 46 24
56 85 72 27
62 99 4 25
38 95 72 80
6 86 4 44
76 93 75 69
12 15 100 26
74 83 52 59
19 69 2 2
2 76 44 60
14 86 18 89
38 80 98 93
52 92 49 49
23 87 96 59
31 92 26 39
50 80 80 31
18 98 1 23
54 61 24 85
6 48 34 89
8 37 70 15
61 84 18 30
14 94 58 93
36 66 49 92
68 89 61 45
12 95 73 35
5 81 91 95
31 74 8 79
45 57 31 72
36 58 55 28
23 55 1 42
49 81 15 5
26 28 51 76
55 65 37 82
6 11 82 89
64 68 39 12
76 97 69 76
64 82 96 84
48 92 63 37
21 95 63 26
36 69 59 23
31 42 51 85
1 61 26 11
2 44 42 100
63 80 37 81
6 15 4 42
3 66 64 9
30 97 9 93
6 38 91 50
4 82 68 38
29 90 76 32
91 92 75 52
14 67 60 100
68 92 11 73
60 84 71 25
21 93 73 95
6 96 41 5
15 58 85 89
13 17 95 67
32 66 37 29
74 80 21 24
77 93 8 59
2 25 63 67
5 20 57 0
32 89 19 58
7 43 99 97
7 56 26 3
53 97 42 78
10 72 6 96
62 92 39 87
37 100 41 52
52 93 87 46
65 75 56 66
56 92 2 49
19 45 35 84
2 88 44 13
65 81 52 1
7 88 69 50
6 12 54 19
13 37 83 58
5 79 77 30
55 88 22 44
20 36 11 1
50 90 53 23
67 99 48 25
59 78 12 28
15 16 14 15
6 35 26 86
84 85 12 44
66 72 39 8
13 78 4 30
43 79 63 66
43 47 68 25
26 33 4 48
22 77 97 37
11 12 19 97
26 37 20 80
19 44 35 10
18 72 69 31
36 54 94 51
58 92 9 9
61 75 100 85
4 96 49 40
19 62 33 57
70 96 5 92
12 75 64 66
39 88 91 35
7 22 2 35
72 77 31 16
7 12 35 98
16 50 22 63
2 63 78 46
40 95 96 26
80 91 9 68
10 57 49 20
15 94 12 28
60 96 31 89
39 59 99 27
33 67 18 40
11 18 84 10
14 74 44 45
12 34 36 100
25 27 21 94
39 53 91 68
6 55 98 91
21 34 3 71
2 18 81 68
10 13 88 66
26 30 40 62
39 70 95 9
3 20 93 29
27 91 94 58
9 18 62 87
5 23 6 44
65 67 53 97
48 84 12 38
7 14 15 17
66 91 65 65
25 78 49 72
13 48 68 21
8 12 71 84
19 75 61 59
13 45 70 53
20 88 30 8
5 92 0 53
25 61 1 77
8 32 52 100
47 92 75 77
13 36 31 2
29 70 78 39
43 91 70 1
8 94 67 98
8 36 62 76
17 18 17 45
75 87 12 97
11 20 97 92
25 55 47 49
30 56 90 66
2 78 0 69
21 41 87 87
39 98 21 89
80 92 59 81
42 61 29 54
3 13 82 25
25 74 93 15
50 91 32 11
34 93 43 8
8 50 17 11
16 92 8 20
79 97 17 67
39 69 65 44
16 43 15 65
63 100 68 63
27 36 41 37
41 48 19 25
10 82 97 61
56 93 40 43
47 76 1 91
49 71 86 50
31 36 45 46
80 93 6 33
21 52 92 73
45 66 56 36
24 55 50 21
12 16 23 3
8 23 50 98
1 47 92 38
2 93 87 19
88 90 4 88
22 54 76 5
13 28 0 54
31 61 6 75
66 98 87 92
31 86 37 29
43 58 2 24
14 55 83 73
67 94 61 54
50 57 91 1
41 58 46 26
32 58 20 9
40 73 82 39
56 84 27 66
7 99 34 22
54 73 92 26
63 81 1 63
34 57 1 7
53 75 15 45
52 61 95 32
23 27 50 53
12 59 24 92
35 78 50 59
35 81 56 76
26 44 74 66
50 83 31 12
19 94 55 62
10 92 64 60
4 30 78 37
81 94 78 20
35 50 65 63
38 41 73 19
59 93 34 83
31 52 85 58
74 96 48 12
53 88 73 47
19 51 100 18
40 48 64 34
8 45 50 19
36 65 25 12
1 70 38 64
43 74 75 6
48 54 17 14
57 70 99 76
67 98 74 70
9 38 84 49
21 24 15 42
30 71 0 33
37 49 89 60
10 42 26 78
10 98 32 99
34 61 89 25
5 99 67 12
12 50 38 40
13 75 46 42
13 95 14 31
15 33 58 66
47 61 4 63
50 82 97 26
26 41 85 42
63 91 45 1
20 83 51 51
27 44 5 2
7 75 47 8
8 38 5 4
63 78 98 41
64 74 44 29
47 86 52 44
25 34 78 67
34 44 86 66
74 82 86 100
19 71 76 43
20 91 7 50
28 40 4 37
20 59 85 72
54 60 78 94
69 87 25 77
62 75 59 38
71 83 40 75
27 49 10 0
32 43 82 79
31 77 32 75
20 62 70 84
27 61 83 26
73 77 0 77
39 75 1 72
7 57 58 89
2 73 28 76
50 56 99 84
8 17 19 24
47 85 47 70
8 57 36 4
9 94 52 36
39 41 85 67
73 87 17 40
14 39 22 35
7 51 95 48
95 100 96 42
40 54 15 7
17 72 58 97
65 85 46 67
38 70 99 46
42 74 17 63
46 72 3 25
36 61 16 37
34 89 80 84
82 92 100 54
16 40 46 12
13 98 62 90
11 55 20 92
25 72 66 44
45 95 93 89
14 91 24 59
13 44 80 28
36 44 86 3
57 85 53 63
41 62 85 87
68 81 7 30
14 76 30 64
22 64 69 99
61 70 32 89
2 15 100 34
51 62 70 100
30 89 4 83
6 27 19 87
70 71 88 43
8 82 13 59
81 84 57 9
17 59 12 11
48 53 84 1
38 92 9 58
18 92 4 64
2 98 61 53
31 57 18 7
74 81 79 57
11 100 94 15
29 50 32 34
7 94 99 53
77 80 6 77
32 57 9 74
16 31 17 73
7 26 72 43
12 24 64 58
54 97 33 31
17 32 76 67
32 75 81 71
3 27 82 43
14 70 52 60
3 43 92 97
49 80 16 54
36 63 45 60
31 73 88 72
2 30 63 57
36 59 29 14
49 93 27 94
84 86 19 18
69 82 26 100
4 14 40 6
8 24 63 9
50 71 8 77
42 94 48 89
40 42 2 3
21 64 95 71
24 90 37 17
41 97 21 26
2 59 62 7
68 97 25 11
7 24 63 63
34 80 15 5
24 83 11 70
1 36 61 78
85 99 7 0
28 50 97 1
2 27 69 20
68 69 70 75
55 82 70 5
15 38 25 65
76 92 79 49
61 83 8 51
26 35 52 82
69 72 74 35
23 51 84 44
9 63 24 60
63 98 51 14
89 99 39 67
61 90 14 67
28 59 87 12
38 73 76 96
36 98 76 33
38 98 49 47
38 77 62 16
33 56 16 56
30 80 63 95
58 59 8 86
25 84 69 44
25 94 70 98
9 62 91 35
14 88 88 44
23 25 31 20
26 52 74 1
28 36 39 73
4 69 56 99
18 35 10 77
14 57 66 88
23 42 45 26
11 50 43 98
43 92 73 80
12 36 82 77
8 77 88 48
55 61 52 9
28 37 3 15
80 97 49 29
30 79 62 69
44 83 74 78
85 91 2 78
40 45 94 76
12 22 94 12
44 49 83 48
85 87 49 3
33 60 71 60
44 73 68 78
21 55 34 11
38 85 20 93
3 61 98 9
73 98 20 21
7 32 85 23
10 71 66 1
18 86 95 78
47 83 48 68
77 79 74 97
18 23 27 3
2 72 24 28
3 92 24 85
59 100 49 99
3 18 33 16
34 84 57 13
65 69 100 58
6 83 89 48
42 45 13 54
20 65 42 67
16 63 3 18
36 80 64 45
57 62 22 23
35 72 87 0
80 98 49 44
14 54 33 10
8 19 18 19
1 5 50 16
59 97 17 92
12 91 48 3
34 52 78 58
32 88 71 100
54 69 81 46
44 62 69 36
4 44 23 18
27 63 5 97
86 87 77 64
2 3 99 47
2 60 71 38
17 84 15 94
67 73 56 23
14 83 55 4
23 76 16 63
27 78 37 10
7 80 33 32
29 91 98 100
3 26 60 63
86 92 80 88
19 82 32 0
29 96 75 99
49 69 43 17
21 38 92 94
26 81 5 98
71 88 59 65
18 27 64 89
20 73 40 43
65 86 71 99
14 93 49 77
72 97 25 69
10 63 43 95
57 81 0 0
32 63 98 35
11 57 97 11
98 100 52 28
44 86 58 25
53 83 20 51
9 35 95 79
3 76 2 83
18 42 96 26
28 94 25 77
6 100 1 87
6 92 32 64
19 100 24 32
47 52 59 66
4 59 100 95
23 86 47 49
60 100 63 0
7 39 11 73
23 82 12 6
50 74 24 66
87 96 57 5
58 73 31 92
26 67 96 75
51 88 51 1
29 88 97 37
26 79 80 42
1 22 61 77
77 98 75 70
39 93 70 27
6 28 66 54
34 82 36 5
17 53 58 37
83 85 60 16
5 38 68 70
22 86 89 62
40 70 89 15
53 84 11 44
15 69 19 9
9 34 26 79
55 98 9 35
4 31 78 36
38 90 54 86
11 92 13 24
72 80 34 92
25 39 28 77
74 84 44 13
5 93 12 78
21 75 50 69
5 8 41 96
7 11 80 62
31 44 67 72
62 77 65 78
5 90 75 54
43 70 6 3
72 92 5 45
4 54 77 62
78 85 8 0
36 67 87 95
71 89 67 26
3 38 16 71
16 78 77 15
76 80 57 89
73 80 78 34
13 14 27 13
22 57 24 9
13 29 74 87
18 40 2 77
48 56 31 6
15 46 4 3
46 85 28 62
36 95 27 38
30 74 28 22
5 86 96 92
35 61 77 72
38 62 34 42
40 64 21 25
53 63 81 53
50 58 4 48
18 32 92 78
92 93 73 29
46 68 45 85
13 80 97 28
10 16 47 13
50 67 91 32
67 69 80 19
2 45 71 1
6 45 43 0
1 62 87 48
41 45 12 53
34 96 98 86
37 52 50 39
18 89 41 21
33 89 49 19
64 84 8 98
2 16 75 21
51 55 31 66
79 88 80 22
49 60 87 90
20 81 93 10
63 64 79 56
35 49 18 1
40 74 77 79
16 56 31 32
69 90 74 3
60 72 81 27
7 60 5 80
20 76 41 35
10 34 37 86
18 99 40 24
20 28 52 90
23 88 88 88
53 55 97 56
6 26 94 14
32 92 86 11
10 22 75 53
17 20 37 18
43 56 35 60
1 35 75 24
72 90 86 81
37 63 98 28
15 26 7 50
14 45 32 7
22 53 32 56
3 73 88 3
63 65 17 67
44 91 89 35
5 94 36 64
17 26 4 74
45 49 36 75
36 76 17 71
81 85 56 79
24 54 99 87
55 56 30 33
33 51 100 68
11 70 97 37
30 91 78 11
54 77 37 18
82 99 35 78
56 97 88 93
10 32 55 85
56 82 61 21
13 42 100 55
70 82 43 81
34 91 12 3
1 9 69 49
33 90 4 71
41 59 51 33
10 99 50 77
58 69 45 85
77 83 3 24
4 39 21 38
4 74 100 15
13 15 84 5
40 53 90 28
9 12 100 82
22 79 59 42
33 93 35 50
29 55 4 11
37 97 32 45
16 17 71 6
21 43 20 23
31 33 47 51
34 98 8 0
55 92 100 86
83 98 12 60
8 96 38 72
1 63 63 63
47 60 96 78
10 100 48 41
1 73 69 38
21 77 32 6
24 56 34 51
59 88 2 95
8 10 18 27
24 48 88 39
7 21 88 37
54 76 49 18
11 88 55 56
26 61 75 76
6 19 16 20
4 73 74 84
79 90 27 86
6 31 66 43
39 40 61 34
2 90 57 26
78 88 89 28
36 38 32 6
50 81 74 17
71 74 19 47
9 83 63 86
15 95 71 43
60 62 28 40
64 99 29 78
29 94 55 83
2 80 49 60
15 83 18 84
12 35 57 22
34 94 7 94
44 55 98 0
35 51 100 80
84 98 94 7
29 78 44 74
12 52 62 50
79 98 63 42
11 81 26 60
31 39 45 10
38 75 94 66
7 34 11 30
25 86 98 86
2 96 66 47
10 62 1 49
34 53 22 5
39 67 67 90
49 65 61 100
2 75 64 24
67 83 17 29
7 82 26 0
13 99 55 47
66 92 86 86
34 40 87 3
33 63 37 2
4 25 3 56
27 59 25 88
52 65 56 9
12 44 67 33
16 72 27 9
55 73 86 30
11 30 5 69
62 64 71 90
21 48 18 7
13 97 57 2
61 92 19 10
31 75 11 49
37 72 3 98
20 55 68 81
41 61 20 22
68 93 8 14
30 51 22 5
26 90 24 46
19 32 76 0
16 59 59 16
11 14 38 70
83 92 3 56
77 85 94 26
4 97 34 78
36 100 52 24
86 96 97 44
52 98 55 55
32 79 55 4
10 65 66 20
3 45 80 62
4 26 91 83
42 88 8 23
14 61 23 40
2 43 82 78
27 65 40 85
30 98 10 1
39 99 36 29
36 49 35 62
12 23 40 63
32 61 38 40
22 28 57 5
9 70 74 37
2 40 96 21
39 72 94 64
5 14 45 27
3 41 1 57
46 80 48 77
46 83 5 95
23 74 55 20
69 89 23 24
3 55 90 72
5 48 13 80
14 16 24 4
15 67 49 29
53 89 75 61
26 99 72 33
47 73 18 63
14 41 71 27
26 43 89 43
13 86 86 68
2 32 76 51
27 66 62 82
33 65 34 23
35 45 29 100
28 72 18 3
74 77 4 73
28 69 44 81
26 78 13 97
64 88 75 63
2 42 74 50
40 57 24 100
67 68 98 83
31 88 81 44
9 75 5 10
74 99 90 24
33 75 10 20
76 77 18 79
5 89 99 12
6 81 8 34
23 37 47 86
61 77 36 25
43 83 59 40
74 79 85 49
29 59 50 80
70 99 72 37
52 99 43 22
54 80 0 6
2 62 2 90
13 100 34 36
7 79 72 78
22 51 32 13
62 66 40 97
61 80 86 76
16 88 82 100
15 78 97 98
13 39 72 42
5 62 91 31
80 83 72 8
28 46 30 93
36 75 57 90
43 54 90 20
11 71 97 73
59 89 16 98
48 100 73 34
18 55 9 26
65 66 10 31
47 94 92 36
8 41 1 16
28 55 48 41
60 63 57 13
36 39 84 19
35 59 98 30
27 29 83 11
18 30 54 96
33 94 71 21
1 99 80 56
17 35 28 73
37 60 15 76
4 11 97 52
35 94 77 35
28 53 13 51
34 99 97 51
79 89 86 23
35 56 7 35
19 93 61 97
26 58 23 22
18 88 3 65
34 59 99 7
29 30 3 34
3 85 14 35
18 24 12 67
70 100 83 77
37 62 72 5
1 30 71 46
23 30 92 45
24 97 99 73
67 88 71 55
10 35 17 79
8 18 27 91
25 50 70 52
15 99 86 94
29 32 22 31
59 63 27 38
27 52 5 28
1 7 87 55
1 18 10 90
34 62 2 21
20 53 77 71
6 44 94 18
47 78 72 60
25 87 29 19
42 95 83 33
56 94 19 65
70 97 14 25
31 68 79 3
2 47 88 63
4 60 73 65
22 44 68 29
70 81 63 38
4 43 38 21
50 99 90 70
57 82 95 89
61 87 86 58
13 89 78 78
61 85 36 58
35 100 63 13
57 58 31 99
52 83 55 43
10 69 49 37
23 62 26 84
19 35 15 18
73 96 81 32
53 81 12 79
21 31 38 28
16 21 74 31
2 6 42 8
11 49 26 92
2 99 10 62
14 24 52 67
31 45 43 70
10 23 91 40
60 80 35 59
56 66 29 51
42 93 56 56
32 36 91 69
28 96 42 20
88 100 14 72
35 40 9 63
24 85 1 69
17 60 22 16
16 95 40 77
71 100 88 11
52 88 46 40
6 40 36 76
75 95 84 43
46 66 41 15
38 56 4 20
35 82 84 42
40 97 65 72
49 92 66 78
11 76 100 61
49 56 67 79
74 100 87 8
14 81 98 63
52 97 93 90
22 84 63 39
33 69 4 23
17 56 11 62
33 98 0 95
3 86 21 18
4 52 68 65
48 74 42 57
29 62 32 16
53 98 75 23
53 85 95 7
61 99 51 92
1 20 81 93
69 80 81 89
16 57 17 66
12 30 56 63
14 98 2 71
38 99 90 55
64 72 99 0
46 81 70 48
19 85 62 58
38 83 10 28
51 64 1 30
26 36 13 52
79 86 46 78
15 63 58 8
34 71 17 49
55 81 57 61
15 56 38 14
9 82 11 35
42 92 68 81
30 96 83 97
2 58 19 35
17 50 13 25
9 73 13 77
31 63 14 97
11 84 16 19
30 47 57 20
48 58 19 57
18 93 98 6
49 66 22 94
7 64 34 10
11 19 89 5
43 55 43 38
28 45 61 55
17 69 18 57
2 70 62 85
27 60 19 38
77 87 70 47
7 81 53 10
18 65 57 86
15 65 4 71
67 77 28 62
51 94 67 29
1 15 62 1
19 63 24 59
37 84 96 86
25 95 56 9
61 63 9 31
10 54 2 50
20 82 51 45
50 87 99 81
8 95 21 82
66 75 24 12
29 85 57 38
12 76 51 57
13 22 54 69
55 93 52 62
31 51 75 100
35 89 86 92
15 92 27 88
18 96 11 50
22 48 38 15
23 78 32 32
4 22 29 93
40 44 19 43
11 77 80 41
4 32 79 2
14 89 16 99
5 100 85 29
15 68 15 17
1 95 44 36
30 93 78 22
22 92 89 13
37 55 97 28
50 77 82 34
3 71 41 3
6 64 66 51
7 84 52 88
1 38 47 34
52 66 67 87
17 31 89 48
19 27 48 65
40 63 20 6
29 74 54 90
10 64 51 22
18 71 48 90
38 97 95 55
82 90 40 32
14 68 44 3
61 86 97 61
83 100 0 32
16 33 85 74
5 24 45 83
8 9 95 51
23 39 36 35
52 71 17 1
34 54 52 83
36 64 66 99
11 68 0 38
30 65 5 64
39 55 81 55
9 59 58 37
34 41 29 99
7 74 34 32
7 69 60 92
1 78 43 28
42 80 33 5
54 72 60 78
21 28 26 31
43 82 69 51
15 20 88 63
3 74 5 89
22 52 17 65
75 81 24 75
54 90 17 87
29 43 44 73
37 54 49 35
14 20 16 88
15 81 45 37
27 81 57 45
20 47 40 52
89 93 80 78
48 96 23 28
7 36 60 63
3 6 28 39
18 78 54 40
79 91 64 73
46 91 33 18
56 81 3 0
58 85 2 60
20 71 26 44
12 65 47 14
79 92 70 0
35 53 61 80
1 59 14 41
24 33 26 37
65 91 42 14
15 21 14 79
7 42 41 48
68 84 32 5
63 79 48 30
8 61 44 92
67 76 18 34
12 62 95 92
28 70 96 34
16 83 42 18
81 87 45 87
39 100 80 59
11 53 82 78
18 44 10 97
25 96 100 30
44 78 50 5
38 49 61 3
7 76 92 83
86 91 99 28
73 81 3 37
55 74 90 53
39 77 99 89
72 95 54 93
41 77 64 13
1 49 82 33
70 89 99 51
56 69 52 31
8 44 85 96
33 79 25 26
35 74 31 44
74 89 37 30
23 64 45 40
58 84 25 19
1 43 76 7
18 21 53 34
1 31 76 49
19 48 87 31
11 45 52 11
28 65 92 48
26 73 55 49
10 37 11 46
27 80 45 7
71 91 52 75
48 66 47 90
55 71 26 20
59 94 48 11
2 64 30 81
9 41 67 100
33 74 28 81
32 78 89 28
38 87 15 65
42 58 53 27
48 75 95 64
13 81 34 27
39 94 20 84
24 30 38 80
68 71 69 94
77 81 94 5
77 92 31 84
25 33 26 78
31 60 49 15
7 68 6 34
58 67 8 20
38 66 95 37
13 40 94 48
8 55 73 52
5 82 31 72
71 80 28 59
52 95 27 83
25 31 53 0
38 47 94 100
37 71 76 53
3 14 62 17
7 92 12 31
25 77 58 69
14 80 95 19
72 99 63 87
27 89 56 57
18 28 19 90
62 90 68 13
9 55 63 65
4 58 52 86
30 76 33 36
27 86 44 94
2 22 89 31
12 31 21 91
28 44 73 10
46 88 16 8
57 95 76 71
17 93 37 1
29 49 37 31
43 59 44 100
60 79 80 68
10 66 55 93
35 55 52 71
55 67 92 77
44 92 49 52
4 100 33 67
16 91 19 5
57 64 10 66
49 89 65 0
11 44 68 42
38 60 26 42
7 98 19 59
17 58 3 12
5 18 50 97
68 70 37 42
83 90 88 24
19 37 92 27
16 46 73 10
14 75 46 31
16 47 55 6
21 79 3 79
44 61 42 34
1 33 61 86
58 91 38 44
11 85 20 25
4 63 72 45
38 69 57 92
61 74 24 69
55 63 90 17
53 93 95 13
28 83 99 15
67 97 89 59
4 40 93 28
40 81 55 10
15 79 74 36
11 26 10 81
82 87 68 95
45 91 86 60
22 74 57 40
42 79 64 78
41 90 63 89
60 88 63 47
22 29 17 62
66 86 92 32
45 71 95 92
38 88 6 36
17 52 3 29
27 87 20 84
27 97 45 88
14 21 23 87
1 10 96 86
4 79 95 95
33 78 34 28
34 58 49 41
53 73 79 8
16 97 38 72
64 79 12 23
75 94 84 64
9 74 30 9
12 66 34 50
34 50 5 56
38 76 60 25
77 78 76 59
6 33 17 93
85 86 17 87
32 83 42 91
33 81 71 41
3 70 8 46
58 82 49 90
53 82 90 32
47 79 42 54
7 89 15 18
29 37 9 39
23 56 87 40
7 48 100 46
40 93 25 29
12 29 13 43
4 18 10 96
19 31 52 48
23 47 98 96
3 47 84 25
25 99 23 57
41 71 51 46
29 53 42 90
39 82 13 88
26 63 54 26
54 86 34 66
46 84 31 28
19 78 72 44
12 83 68 31
17 64 56 24
8 46 97 52
30 57 11 30
84 91 70 96
40 78 24 17
17 66 42 68
3 23 70 12
6 88 2 96
2 100 22 97
53 65 43 7
74 76 63 34
37 83 52 36
14 22 15 28
63 76 87 10
22 88 21 81
9 84 80 6
41 91 51 1
41 72 22 2
77 88 42 75
17 44 63 13
18 53 9 74
22 40 86 59
33 43 28 91
67 78 0 66
15 59 62 32
23 59 47 62
31 85 76 86
7 53 20 2
71 81 42 49
50 65 48 74
53 72 42 42
25 35 98 17
41 96 32 51
31 59 80 62
24 93 43 81
25 75 64 27
8 83 8 2
70 80 73 45
36 50 37 63
20 52 0 66
51 52 14 47
26 55 27 19
23 60 48 32
19 58 47 40
31 34 58 19
67 82 23 0
29 100 9 35
56 63 24 93
20 31 29 38
88 99 8 28
10 73 22 1
15 32 16 10
18 95 53 60
1 54 74 5
36 42 97 60
47 66 83 51
27 40 34 82
11 51 23 31
42 76 8 85
72 94 70 96
43 63 62 91
25 29 81 72
5 46 88 46
40 62 55 9
15 93 98 84
21 25 39 22
76 87 88 18
12 94 47 49
53 87 54 20
50 60 23 6
9 45 37 84
20 86 33 60
24 99 31 19
49 62 25 84
7 96 3 10
5 97 69 87
49 97 16 4
44 52 87 35
1 58 89 79
64 100 92 28
13 61 53 46
6 63 77 32
7 27 17 95
53 78 81 35
7 47 34 81
83 84 60 32
15 61 40 10
25 79 2 26
14 65 60 2
52 53 64 21
27 58 66 75
22 99 78 2
1 46 30 57
34 86 89 63
55 96 75 84
14 32 24 21
45 92 30 84
14 69 70 44
5 64 62 94
75 91 15 3
49 51 48 85
22 39 34 80
31 69 36 26
11 87 81 93
21 54 37 54
31 56 13 61
36 90 82 45
16 64 70 80
10 77 84 5
42 55 17 60
80 100 42 63
45 47 22 55
81 91 25 17
65 95 51 74
2 23 81 57
17 61 10 34
5 30 41 13
57 73 82 93
19 65 79 29
2 92 7 16
51 53 61 54
1 25 60 47
36 88 74 31
27 57 66 33
63 67 50 13
44 57 92 28
63 92 88 53
28 77 5 64
68 83 45 45
33 76 10 37
20 99 5 95
21 89 36 83
46 75 46 89
54 71 86 38
64 93 59 41
16 61 25 62
58 75 79 12
44 87 64 85
1 8 70 91
35 80 100 60
60 90 19 6
73 97 75 33
6 37 92 84
1 37 96 80
42 84 84 4
64 73 88 12
55 94 41 88
27 99 100 31
79 80 47 76
22 93 58 70
37 79 89 62
2 11 84 22
53 96 97 19
11 72 35 77
80 84 12 53
27 71 24 69
29 52 92 33
29 48 18 14
13 72 3 58
47 69 15 26
20 64 34 75
8 40 45 14
55 59 99 97
69 81 92 23
1 42 9 55
14 73 100 55
37 65 38 14
22 80 57 54
65 87 86 84
81 89 20 4
96 97 12 82
78 84 49 91
6 89 8 20
28 62 99 61
55 68 22 66
33 80 94 3
34 55 67 76
33 41 26 22
18 58 20 78
12 54 34 46
38 71 100 74
57 80 38 81
57 59 61 20
37 41 94 98
5 17 2 83
64 83 78 21
14 31 96 45
20 44 92 80
64 87 99 61
10 78 34 25
41 84 1 23
76 89 45 76
6 17 40 89
10 28 17 87
80 85 84 48
91 97 56 19
8 43 98 36
33 99 39 43
75 80 37 3
38 68 74 42
31 53 97 66
84 87 24 9
51 98 22 12
42 68 26 37
22 66 81 99
18 56 44 58
5 91 52 94
43 84 7 14
35 84 42 39
7 30 90 30
2 52 63 62
13 47 14 38
56 83 4 30
24 87 10 8
7 90 11 28
1 11 37 89
45 78 63 4
6 22 42 54
66 77 98 81
37 50 72 50
34 39 36 56
8 70 33 56
8 20 79 43
24 65 87 60
51 81 37 61
26 94 87 54
27 88 56 45
16 32 23 76
1 52 95 2
11 97 46 75
1 82 38 50
2 48 18 1
11 46 26 68
1 34 39 62
79 84 80 66
57 68 58 71
10 45 10 87
8 84 45 96
39 66 21 62
85 98 96 10
68 94 4 20
60 73 11 7
13 35 8 32
29 87 100 64
47 98 66 54
12 33 13 55
46 56 24 19
12 71 6 87
60 85 97 2
12 17 78 18
13 85 92 80
33 49 7 65
52 69 32 41
31 70 24 40
83 89 70 64
5 77 46 29
36 77 59 84
47 95 45 38
61 81 81 65
32 71 96 66
89 98 40 9
23 36 16 52
38 58 11 3
21 67 97 61
58 100 21 31
63 86 54 80
31 66 53 44
66 74 24 56
10 61 39 37
78 81 31 60
58 72 90 13
30 37 92 52
94 98 1 86
9 95 10 66
10 74 89 67
17 22 70 65
2 68 51 70
91 99 2 39
3 33 22 58
52 63 39 37
26 71 21 65
27 35 55 84
29 35 89 38
3 28 8 98
52 73 85 57
54 64 49 22
71 79 98 39
35 88 10 90
10 12 60 19
3 15 2 94
5 27 62 52
23 79 66 40
13 16 21 34
56 76 11 54
30 42 93 84
2 51 59 61
62 98 42 57
74 75 70 64
82 94 80 30
28 76 65 20
2 4 18 4
65 93 15 4
3 94 36 30
62 79 64 43
37 43 90 68
5 84 61 98
1 3 82 88
87 93 67 89
15 97 60 69
10 11 17 4
8 26 42 28
26 42 72 88
49 54 30 62
28 61 34 82
10 89 86 35
22 26 99 74
21 100 37 45
69 70 50 69
24 75 8 78
62 96 26 53
69 86 85 36
6 34 74 66
64 71 54 46
41 74 42 83
60 70 81 52
19 64 61 56
63 70 11 55
1 55 47 81
48 89 12 4
57 79 89 32
15 57 19 10
30 69 88 39
26 98 69 93
62 67 38 14
3 56 33 23
48 85 79 90
36 51 97 73
27 33 59 28
19 92 19 13
1 69 42 27
28 57 7 52
14 51 72 56
11 43 81 24
63 71 86 79
42 47 39 16
38 78 90 42
6 67 30 91
17 42 14 99
75 99 40 89
12 98 80 92
44 75 66 38
27 46 36 9
45 85 91 79
76 88 40 25
51 56 13 38
44 59 69 84
25 28 60 73
78 90 99 29
1 92 70 27
49 52 27 78
69 100 29 27
31 55 59 73
15 49 60 82
1 50 20 12
31 64 91 20
33 77 79 22
38 50 12 87
15 80 1 2
11 31 12 91
80 90 55 58
11 17 3 80
46 74 94 56
30 52 37 9
13 93 80 38
44 74 94 92
44 96 78 37
57 69 11 5
14 62 100 86
45 94 55 19
51 79 100 35
24 100 98 61
60 97 51 60
39 79 5 28
12 79 38 75
26 86 49 10
32 51 65 48
41 44 75 75
49 85 13 54
7 91 64 43
25 51 56 83
17 91 8 11
6 58 69 80
22 47 37 89
36 53 100 23
16 66 97 67
3 25 9 97
1 93 66 63
25 81 15 15
44 98 19 72
66 96 48 66
38 79 86 56
11 80 100 74
75 90 2 55
47 99 6 41
42 90 13 30
68 100 66 39
42 70 99 58
12 84 8 55
16 35 75 39
72 73 78 88
42 64 1 64
47 72 15 17
21 69 16 6
57 91 62 47
26 48 46 31
67 72 69 55
3 53 10 1
56 73 22 74
91 93 77 4
66 70 33 85
6 73 79 71
37 74 13 13
21 96 38 5
14 52 74 90
94 97 21 97
1 16 52 2
15 42 49 15
31 82 96 47
23 72 50 23
28 92 30 62
67 75 65 20
40 55 88 45
49 86 59 67
49 100 40 41
82 84 58 82
1 64 96 75
50 59 61 59
5 73 89 47
34 67 3 22
25 45 48 80
53 80 95 69
8 90 90 86
31 76 32 52
61 72 25 95
58 88 14 3
28 29 4 16
52 77 81 66
11 28 36 56
43 64 58 17
5 53 75 6
45 50 80 47
59 72 48 3
13 49 77 15
35 47 67 50
39 76 59 88
11 58 97 52
3 90 62 43
47 74 22 84
2 85 7 90
8 31 90 56
11 91 80 16
44 94 96 36
49 50 67 43
39 65 74 3
18 87 6 60
23 99 28 51
41 89 59 31
22 72 78 53
59 66 20 32
16 20 5 34
79 85 58 15
51 96 45 84
28 33 62 11
45 46 99 62
93 99 75 21
22 36 61 91
64 85 91 96
52 89 36 49
66 87 9 14
24 73 36 23
32 96 84 66
56 88 49 63
75 82 45 10
29 51 76 26
75 77 16 12
68 74 49 43
20 72 15 36
81 100 90 31
34 51 59 19
46 50 18 20
47 71 97 21
54 67 65 94
29 45 40 61
16 76 48 44
12 96 18 59
28 32 58 76
32 38 97 52
6 91 25 78
2 77 3 9
99 100 22 39
24 34 91 0
17 45 26 15
17 34 13 18
6 20 2 63
35 93 66 61
32 68 85 39
7 58 6 44
60 91 91 21
62 74 98 64
67 86 54 67
49 57 84 18
15 41 2 27
42 67 8 82
26 72 21 60
65 77 85 74
31 40 88 70
73 95 39 83
52 57 39 42
22 70 38 31
42 87 43 32
45 56 69 29
5 49 71 74
64 75 92 22
22 60 4 57
60 76 86 66
79 82 7 56
45 79 82 62
49 59 2 8
42 56 40 24
51 97 71 18
12 41 3 17
8 13 25 18
66 68 88 28
41 92 11 6
19 66 3 83
21 29 92 75
14 50 87 97
15 55 65 43
16 89 17 90
30 59 69 3
29 92 64 69
20 92 6 99
44 97 68 28
14 42 94 21
41 73 45 51
52 90 62 68
32 40 5 8
5 75 55 9
59 84 27 15
20 26 83 50
2 10 96 55
19 34 28 97
30 50 18 26
18 31 12 87
33 40 30 14
94 100 15 49
43 66 88 75
21 83 71 90
56 78 67 51
11 83 44 83
46 70 43 0
20 46 78 32
26 65 72 6
39 48 36 20
12 85 67 77
37 58 89 48
11 94 57 14
51 75 51 97
25 65 46 32
28 63 74 86
70 87 95 50
45 87 91 32
52 72 97 17
13 84 23 13
1 44 64 41
51 95 46 50
20 39 74 99
18 67 61 58
44 64 80 44
95 99 38 7
77 84 25 74
40 76 43 37
59 80 15 19
6 23 85 45
4 65 85 51
28 86 4 16
17 21 88 68
3 77 86 61
7 73 80 89
56 57 99 23
45 58 66 79
76 84 14 13
10 68 93 19
27 64 40 0
58 68 46 0
53 77 81 46
17 49 22 50
30 49 80 56
19 43 25 65
60 64 75 35
52 85 79 72
15 17 12 65
20 21 82 22
12 64 79 38
1 26 67 83
39 91 35 73
28 81 100 87
49 88 4 30
8 34 63 12
23 70 25 50
50 70 54 50
11 69 79 7
10 30 11 1
21 61 61 96
63 75 19 70
15 77 85 25
29 93 3 87
54 55 40 28
53 79 54 84
30 36 45 52
23 26 42 81
4 24 77 73
31 49 53 49
21 90 87 59
6 36 84 48
31 89 80 51
45 82 15 4
7 10 55 13
27 79 17 98
28 100 20 61
68 99 31 49
36 91 96 47
28 42 77 85
21 36 1 27
88 95 96 43
58 77 70 78
40 41 24 27
37 98 37 50
9 23 31 89
8 75 3 11
87 99 96 41
1 39 88 32
95 98 5 11
5 69 56 71
17 73 31 87
4 19 60 71
53 99 85 63
13 57 49 16
2 35 89 17
51 57 36 64
29 36 94 83
18 84 46 29
82 93 54 51
1 87 46 5
22 96 13 65
9 37 83 36
5 31 18 38
80 89 32 14
71 87 83 5
26 80 40 83
32 54 38 90
12 82 28 58
9 98 23 5
2 94 66 22
40 60 75 81
23 91 98 63
38 53 0 9
36 37 3 75
62 82 25 5
24 27 58 65
3 60 96 48
33 36 77 57
31 93 39 33
50 84 94 48
45 65 27 31
36 72 25 62
10 18 26 16
19 47 66 13
15 31 64 69
8 25 57 16
55 85 57 4
26 93 63 51
78 95 93 20
22 46 29 11
32 70 57 45
1 74 24 93
46 54 82 0
53 61 82 43
37 90 21 89
17 88 48 21
2 81 18 74
58 65 50 99
56 62 2 24
18 69 99 11
60 99 40 59
3 65 73 43
58 98 94 23
56 70 62 32
41 99 88 78
39 78 33 17
21 60 90 23
7 85 76 11
10 60 7 47
73 78 78 36
32 35 17 81
41 65 9 94
11 63 81 75
21 33 74 50
46 57 26 31
5 45 57 21
13 46 23 71
38 94 64 87
28 80 95 25
10 25 48 28
50 62 86 22
76 82 55 77
11 39 63 43
2 31 89 30
17 23 46 82
24 32 66 78
36 93 92 32
10 79 54 96
6 57 47 75
14 17 58 37
16 84 81 98
72 89 66 77
70 88 62 79
37 40 79 96
30 53 35 25
15 72 91 53
31 58 97 16
65 70 19 37
87 98 40 62
91 98 64 38
18 41 45 23
38 96 89 11
33 72 52 41
16 38 46 93
52 81 24 8
4 70 38 7
20 48 14 72
25 67 49 70
3 51 99 70
55 90 96 98
43 94 87 62
67 79 16 55
44 51 69 16
58 78 41 72
30 63 78 30
11 23 91 78
3 37 77 81
9 76 96 4
15 87 43 15
8 73 25 9
49 64 5 49
17 41 19 8
6 42 7 67
34 46 2 85
39 52 32 83
15 91 53 37
55 69 98 1
51 77 28 74
22 23 57 36
20 66 12 86
58 90 89 20
7 35 44 25
8 66 12 46
43 50 5 48
21 87 89 19
18 26 69 8
1 85 42 81
4 50 55 22
2 56 97 79
56 96 42 53
24 47 4 96
23 97 14 12
9 57 21 4
60 71 0 71
20 84 35 5
35 83 88 50
24 45 77 94
1 79 68 31
24 50 42 81
37 77 53 61
63 77 74 49
11 86 39 56
58 87 42 85
52 75 55 20
49 95 29 16
30 78 87 75
56 75 68 79
50 66 21 56
63 69 70 52
59 65 49 92
56 89 95 29
2 71 73 10
19 20 75 6
12 39 96 98
41 98 61 62
84 89 30 2
66 79 3 22
23 49 1 55
3 34 50 64
24 78 83 62
25 38 52 88
4 23 60 31
81 93 76 92
74 92 65 32
12 89 54 25
6 49 88 73
21 76 49 14
30 73 47 16
58 97 19 89
40 46 19 55
77 90 45 99
15 74 48 12
44 85 86 51
17 100 92 61
8 100 48 69
22 33 18 60
53 67 2 45
32 82 79 13
71 86 54 47
23 50 38 1
88 94 2 62
45 68 63 62
37 67 96 64
50 85 90 49
5 11 99 61
64 70 47 62
12 19 1 48
15 35 45 76
25 82 42 67
1 21 85 17
24 79 74 23
40 49 52 1
36 96 21 96
17 33 45 55
5 74 98 16
36 86 78 41
59 69 45 47
33 35 23 15
23 95 4 29
26 76 19 6
3 12 53 99
12 26 91 22
42 96 19 31
83 93 45 24
89 91 57 78
13 56 19 13
30 85 83 52
30 48 76 84
10 90 55 17
26 50 68 48
63 68 36 59
22 35 77 63
18 80 63 59
53 76 65 7
92 94 100 35
45 98 0 8
33 61 55 76
54 93 91 15
90 92 78 26
23 34 30 34
19 89 96 33
18 36 1 79
18 94 1 43
51 58 5 55
80 87 66 82
49 73 14 78
9 30 28 85
53 68 90 82
59 87 74 68
19 56 13 5
13 66 100 37
3 84 64 68
3 54 54 67
47 67 38 35
2 19 73 14
70 86 50 50
45 74 87 94
54 100 16 63
5 44 18 21
5 36 26 27
44 90 16 58
40 61 71 21
5 80 5 11
21 35 16 5
23 84 5 8
73 84 56 78
41 81 73 60
54 91 96 51
34 75 26 96
29 82 54 22
43 46 22 41
39 60 69 87
59 92 35 66
16 94 24 0
24 59 85 58
38 93 98 56
42 60 14 26
5 55 17 57
9 15 4 56
89 92 99 75
22 97 48 70
16 19 42 63
17 40 93 76
69 71 49 39
20 100 70 40
51 83 7 92
11 62 88 43
61 94 31 13
43 57 28 28
7 9 36 60
24 71 1 36
20 40 70 1
2 69 86 76
21 82 85 91
83 96 14 76
51 66 86 22
1 90 91 72
44 47 34 15
47 87 8 82
30 46 14 52
25 54 47 14
27 73 74 3
3 80 35 35
33 91 33 71
90 93 31 66
39 63 92 99
23 94 58 93
41 69 70 75
25 42 48 20
3 11 70 25
5 95 25 71
14 34 59 63
32 45 98 81
20 25 10 78
5 47 72 50
11 56 29 17
10 40 12 52
34 70 17 67
18 81 43 71
1 28 70 70
74 87 77 64
9 33 30 11
23 58 16 47
46 53 82 14
18 39 6 79
60 94 63 69
21 53 92 33
25 100 34 29
65 96 84 42
32 91 65 86
82 89 76 23
19 84 82 28
24 76 92 45
16 18 79 13
10 21 31 85
38 55 100 84
76 81 1 11
30 60 33 84
27 51 53 48
59 73 85 47
28 49 68 97
60 87 52 71
43 100 70 72
19 26 56 50
3 8 11 5
31 79 71 50
30 41 58 49
3 57 77 41
10 97 46 21
42 99 19 78
76 98 25 94
25 44 2 9
34 87 80 100
29 80 84 8
20 50 88 42
38 64 19 73
35 48 27 35
46 100 79 70
16 79 93 11
14 15 50 67
23 81 44 16
19 59 54 48
25 90 22 46
69 76 32 47
70 75 28 7
16 51 59 94
36 56 21 11
40 77 46 15
38 100 100 31
13 79 58 68
30 94 39 4
70 72 25 57
67 91 42 47
84 90 65 0
7 25 75 9
53 59 50 14
31 90 10 41
3 17 28 69
35 95 12 61
15 48 65 81
8 87 57 45
1 97 22 57
56 91 0 99
17 83 31 10
7 72 76 8
27 54 22 100
9 91 11 51
2 14 82 41
6 93 6 41
53 71 73 96
13 92 26 61
49 76 54 7
8 97 28 90
77 82 67 15
12 67 16 86
35 44 69 73
59 95 49 41
32 52 43 88
26 97 60 33
4 83 13 20
26 77 24 7
6 97 83 32
7 65 57 63
59 86 42 55
97 99 20 67
38 40 31 46
23 54 23 80
6 59 19 91
24 80 73 42
71 96 5 44
33 48 38 24
15 62 10 33
7 18 69 55
4 68 11 61
12 92 49 67
15 52 68 75
3 32 92 56
46 97 13 90
20 60 70 72
19 42 56 48
15 60 45 39
15 85 25 70
37 99 92 58
18 77 19 64
41 93 81 48
5 6 91 63
23 75 35 33
62 88 63 32
41 60 71 83
44 84 60 50
4 67 25 16
47 55 6 26
14 23 84 67
4 81 81 28
45 70 72 39
15 39 85 78
86 97 92 80
7 67 14 56
85 88 61 70
6 94 17 72
83 95 67 37
59 98 53 1
33 97 70 15
12 28 97 16
57 77 90 98
67 95 41 59
21 40 38 73
57 76 100 69
11 74 42 71
19 97 21 27
23 92 23 22
75 76 20 41
41 56 95 37
30 62 41 30
10 52 26 36
51 60 98 91
3 16 43 14
68 98 65 95
29 56 51 96
55 76 92 43
6 95 35 27
34 76 17 2
6 72 84 61
46 49 37 91
12 70 93 73
3 88 64 64
16 39 71 80
30 83 24 81
29 79 61 56
25 97 96 21
3 52 31 11
81 92 84 23
40 43 42 94
18 74 52 40
30 35 35 14
52 60 10 11
9 77 37 26
18 48 37 4
14 56 14 94
27 39 71 99
36 46 19 78
19 40 49 63
47 93 48 22
56 68 86 1
6 18 54 52
59 62 59 8
85 100 18 12
49 74 71 48
25 71 14 25
58 93 97 41
63 73 85 66
40 86 31 10
14 82 26 74
2 84 46 25
26 31 66 54
8 93 72 73
23 69 83 67
2 5 42 68
9 29 85 82
68 95 19 85
47 63 29 63
31 65 18 43
8 68 96 85
5 19 82 14
52 82 93 12
44 88 73 85
19 98 11 91
48 72 18 85
56 58 39 74
16 60 46 25
29 73 36 9
87 89 64 29
30 100 49 79
10 39 8 2
53 86 46 18
2 9 81 62
49 68 55 95
1 72 34 39
56 87 70 31
26 96 24 81
54 74 96 37
12 25 3 27
93 100 16 42
59 70 33 99
47 82 77 30
20 41 21 14
17 71 52 32
35 79 74 16
30 54 44 28
33 88 63 28
78 82 41 33
18 54 95 75
2 12 89 13
92 99 33 63
18 73 43 69
41 68 63 27
46 65 77 66
52 62 42 77
44 46 18 1
34 79 22 5
57 98 7 50
51 54 7 31
19 55 50 28
41 42 14 77
11 29 19 44
66 85 99 70
44 48 2 7
73 99 24 9
20 93 48 30
28 66 57 35
29 83 50 37
7 55 23 55
3 63 11 56
35 57 27 41
25 91 92 27
56 72 8 86
7 66 96 19
83 86 66 34
58 60 93 97
36 73 5 92
31 38 67 57
62 78 70 42
3 10 100 24
55 80 76 8
11 93 63 89
10 59 1 25
12 46 66 14
7 38 63 73
57 74 83 34
1 23 45 39
45 96 42 13
81 88 65 52
59 77 96 63
11 35 28 82
68 80 63 17
55 89 84 47
10 47 20 50
61 93 7 19
29 34 2 91
19 25 70 45
61 65 42 34
16 99 69 37
51 69 31 89
6 99 87 5
4 15 47 83
12 88 1 73
8 78 7 16
57 93 18 59
25 30 59 1
29 75 37 4
35 64 80 100
81 82 0 46
55 79 1 27
75 93 15 81
34 81 97 16
55 87 72 67
78 94 58 2
2 95 56 11
1 40 75 52
1 75 75 15
17 97 14 24
71 93 49 18
57 86 60 81
13 52 46 78
40 90 65 2
3 50 95 64
8 86 2 9
7 50 80 50
14 58 74 74
38 42 64 36
40 58 35 58
21 45 53 52
60 82 80 40
4 35 42 47
17 25 85 20
33 83 27 19
58 66 33 8
6 84 4 6
60 75 95 62
7 33 95 16
49 58 23 55
25 52 6 78
32 44 0 26
71 72 13 24
25 68 40 78
32 41 69 41
2 8 81 37
12 14 55 94
31 83 69 57
15 27 56 79
9 17 11 20
5 65 99 51
11 24 50 7
50 52 59 38
52 54 57 58
57 83 68 85
6 8 58 64
35 96 78 62
70 85 8 98
3 81 72 73
62 73 92 9
30 39 40 74
5 33 79 49
59 83 87 12
69 75 61 9
41 53 53 99
27 69 73 17
24 82 30 67
40 66 70 77
10 70 68 46
70 84 20 25
4 57 64 18
17 98 49 7
10 58 55 83
16 58 9 60
41 51 90 32
29 40 16 42
41 85 54 18
17 85 39 47
62 89 52 47
41 76 65 23
37 61 38 21
55 64 73 33
27 45 6 25
22 27 53 71
14 33 13 67
18 66 61 48
30 84 49 46
22 45 67 91
23 90 31 94
65 83 76 43
92 98 92 34
76 96 42 83
3 31 56 33
6 50 34 74
62 72 64 14
2 28 11 44
21 65 1 69
78 80 96 64
54 78 57 80
22 25 97 50
93 97 76 88
59 82 41 52
5 71 29 33
29 47 1 11
33 34 37 42
45 89 3 48
5 76 84 76
1 80 88 46
32 98 91 2
11 48 98 70
22 100 78 66
4 33 17 76
32 76 50 55
9 27 24 86
82 88 67 82
37 85 11 42
6 54 76 82
4 42 58 46
9 81 28 7
56 71 87 83
1 6 24 46
21 74 66 24
49 99 82 85
39 43 36 86
46 62 3 9
22 91 78 70
12 77 11 51
43 45 87 89
25 83 64 73
3 69 51 18
65 99 17 29
77 95 50 52
33 59 4 84
35 69 64 88
72 86 22 70
16 37 24 88
4 90 76 59
57 75 93 57
5 39 39 11
45 86 5 8
43 77 77 42
58 83 21 68
25 62 37 72
69 91 22 33
26 64 4 65
30 77 79 69
37 75 22 81
90 91 73 96
19 68 73 92
51 86 68 53
73 86 30 16
33 44 55 32
21 72 27 30
35 91 36 47
32 81 70 19
15 44 87 91
55 78 69 84
18 49 45 26
5 61 22 62
70 83 55 28
40 84 60 42
70 92 2 93
2 29 35 7
13 33 65 53
82 83 26 65
13 73 62 67
29 98 71 80
27 85 10 91
1 77 16 88
51 61 78 22
8 98 39 45
71 98 76 99
7 78 99 14
44 60 14 92
6 77 30 63
18 68 88 16
1 96 82 30
44 80 10 47
26 56 57 43
19 54 61 35
3 62 32 97
10 83 81 24
86 95 59 50
59 75 60 17
9 24 62 29
28 89 31 19
14 19 55 5
24 62 53 27
16 29 41 27
16 25 10 93
9 89 48 43
46 78 99 82
33 42 50 77
94 96 80 38
29 67 32 64
62 86 76 5
40 67 10 16
48 49 100 66
4 72 0 61
45 48 4 61
82 97 70 84
61 89 70 23
3 87 32 29
65 89 27 98
67 84 56 39
33 38 54 70
64 94 8 31
7 61 92 88
20 67 78 46
39 95 31 52
68 85 91 59
42 91 91 16
5 57 80 99
6 51 79 27
53 60 22 86
54 92 2 75
38 89 28 81
46 99 100 25
36 70 68 55
57 78 20 70
56 60 5 82
7 41 24 60
96 98 15 94
37 88 55 41
2 33 52 99
42 52 37 99
74 90 98 2
2 83 88 55
14 40 61 59
35 70 55 72
48 81 60 4
45 55 11 33
60 61 33 70
3 82 16 29
64 89 91 32
6 30 51 58
13 18 21 21
51 93 12 22
34 83 40 47
4 51 75 5
10 50 90 91
46 79 6 45
57 71 64 0
17 65 10 37
77 94 99 51
48 77 31 83
72 91 86 4
18 22 100 38
41 80 10 84
10 27 26 90
42 53 3 42
38 43 75 53
37 59 38 10
1 89 33 50
3 7 75 11
60 69 15 7
41 47 77 58
30 45 11 26
14 26 46 64
68 91 22 72
32 47 99 21
40 83 0 16
16 48 75 81
47 88 26 93
10 75 71 77
25 37 77 48
15 22 18 33
92 97 56 32
46 55 56 95
8 89 81 89
68 75 97 79
44 93 88 38
43 68 60 67
2 61 32 57
77 89 38 92
30 72 80 18
4 21 90 80
35 38 26 99
78 87 58 43
74 93 54 69
16 41 50 46
4 76 48 92
34 78 85 20
45 53 66 51
35 73 4 94
25 46 61 19
2 53 42 76
26 83 15 19
17 51 46 19
11 27 24 88
20 80 60 70
20 34 73 42
25 69 31 79
65 76 94 59
59 90 93 53
16 44 61 94
47 77 25 9
83 91 15 28
78 98 60 88
26 60 59 8
56 79 71 94
3 44 83 89
43 75 92 14
13 91 93 0
4 5 23 33
41 82 1 85
4 61 84 98
9 25 77 91
4 47 38 26
26 100 38 50
30 58 54 78
34 42 18 22
38 86 77 100
7 45 53 82
19 99 63 97
11 61 81 63
8 30 57 77
20 58 16 47
7 23 80 63
48 93 83 62
69 85 55 30
32 37 68 7
57 63 2 62
67 100 25 33
27 84 70 10
58 89 98 58
10 84 67 54
29 69 26 74
5 68 7 60
59 64 1 39
47 65 95 72
8 33 95 85
80 86 49 16
80 81 18 100
9 78 9 57
20 49 59 45
57 84 79 60
18 25 95 45
23 71 25 73
1 98 7 76
57 61 16 25
9 14 10 89
76 86 27 76
79 83 85 87
45 75 37 73
45 59 61 86
13 96 47 21
12 74 58 70
24 58 72 89
41 75 5 79
19 24 72 97
14 59 40 41
31 96 53 10
53 66 50 66
67 92 24 26
28 74 32 88
49 87 40 42
25 80 72 13
63 82 11 67
11 33 33 2
2 55 28 78
66 76 37 51
9 67 99 84
16 22 76 30
31 32 79 1
30 88 30 80
15 76 76 26
47 68 85 10
27 93 39 10
42 71 40 5
12 42 54 74
27 41 53 100
15 70 92 13
26 57 57 82
75 79 67 73
86 98 9 92
15 25 63 84
64 90 27 6
3 19 72 82
70 93 80 49
1 51 10 17
75 88 1 22
35 52 35 8
27 37 23 86
37 94 16 64
23 66 73 83
