95
12 66 26 42
21 30 22 21
77 87 31 78
37 88 50 15
64 90 10 76
49 54 91 26
66 93 47 15
47 62 47 42
20 32 83 57
26 33 35 59
40 67 39 86
5 13 24 4
11 32 67 7
71 86 63 42
51 73 53 72
32 42 95 28
37 68 28 42
63 91 70 37
83 87 74 56
76 90 2 24
1 48 85 7
2 23 51 72
47 51 57 33
6 57 59 15
1 92 88 88
25 90 29 87
37 43 37 95
1 4 17 56
34 92 39 14
28 67 67 87
34 51 70 60
65 79 93 90
34 84 48 40
4 16 40 18
34 69 63 34
18 78 80 68
15 35 73 63
20 40 74 41
37 56 12 41
7 40 65 30
15 91 40 7
7 9 35 7
54 87 51 28
6 72 32 72
23 91 81 93
13 67 62 73
4 51 52 91
69 92 17 21
55 86 91 67
29 77 73 54
54 86 0 3
39 90 52 71
35 42 26 28
8 16 37 73
19 61 51 47
1 66 56 5
13 19 80 47
13 91 28 42
6 60 31 22
7 24 56 62
47 94 62 18
35 80 66 43
20 68 63 88
53 80 52 60
73 74 6 47
2 95 89 21
24 27 42 68
15 70 94 80
34 83 3 27
25 79 47 69
20 43 54 32
3 72 33 66
18 83 4 63
52 90 89 49
63 72 55 46
34 39 4 92
75 86 12 16
20 79 8 24
33 78 20 48
30 58 74 95
31 48 93 36
53 56 52 84
15 19 14 15
68 81 52 31
4 92 18 13
54 68 3 14
32 92 57 78
27 90 62 45
6 65 79 59
29 49 26 6
36 39 80 77
2 78 61 48
10 32 85 37
37 70 94 72
17 89 12 73
91 94 39 26
6 10 85 55
27 42 94 92
51 90 22 20
26 95 86 31
24 43 11 70
4 26 69 48
39 68 75 36
48 49 89 45
17 31 10 47
74 87 26 74
66 79 66 88
1 69 50 5
70 75 16 34
55 74 26 42
15 88 15 36
13 40 62 31
23 44 35 0
9 73 46 79
64 78 47 22
8 22 19 84
28 33 69 4
6 45 38 11
71 76 60 32
22 84 28 21
1 61 71 72
31 63 71 16
52 83 22 70
25 94 66 88
46 70 61 28
3 43 57 17
69 95 63 86
48 73 7 34
16 77 81 71
11 53 61 28
6 64 30 33
7 62 17 56
29 54 87 58
44 71 0 46
38 71 87 82
22 48 11 55
18 80 46 74
71 75 24 39
41 49 19 67
50 56 40 60
2 5 39 61
77 92 69 31
70 89 9 83
28 60 35 94
52 89 71 37
29 86 50 34
20 47 24 20
44 72 4 12
40 92 7 9
25 83 89 95
31 87 77 14
11 63 2 65
16 20 23 93
42 62 58 92
20 66 41 34
20 86 54 55
67 94 37 32
14 68 56 16
72 76 32 24
23 61 60 3
1 40 31 46
16 73 39 73
13 18 53 78
31 47 85 26
48 83 59 81
11 57 42 59
42 57 83 87
39 56 26 9
11 93 68 31
12 31 38 5
68 93 39 50
11 37 62 19
78 84 70 24
17 70 27 56
27 63 83 95
40 74 15 78
21 87 50 18
42 52 50 7
87 92 81 19
92 94 18 10
3 65 51 84
56 86 31 73
52 72 24 39
63 90 50 1
22 24 29 33
3 11 25 26
57 84 81 9
28 42 50 83
56 69 53 37
42 45 25 93
65 76 68 86
22 51 4 59
11 12 90 39
7 65 42 1
66 90 32 37
80 95 34 60
48 77 59 26
15 44 22 91
20 76 55 63
72 91 47 66
6 28 36 48
59 69 9 23
50 91 88 41
2 73 70 18
52 81 71 27
68 71 12 17
4 57 74 17
55 63 59 50
36 84 34 59
15 64 44 63
7 34 67 3
4 91 9 89
60 82 90 66
21 84 36 56
7 80 66 38
8 52 67 24
12 28 41 94
20 41 54 17
17 32 38 95
18 60 30 57
19 54 91 30
17 80 56 43
23 76 50 57
8 20 69 43
41 65 87 84
34 85 47 77
5 76 64 89
49 82 51 32
45 85 22 31
1 21 59 94
48 94 8 3
19 57 14 47
22 64 57 15
19 77 80 95
57 79 22 77
10 39 20 53
16 22 66 79
35 38 84 29
17 56 86 54
39 44 93 41
91 93 82 21
63 80 25 59
2 74 71 7
78 80 37 61
54 72 50 49
21 75 42 26
65 88 93 54
18 70 27 42
1 53 17 48
8 33 62 81
26 59 86 80
36 68 12 91
12 81 28 69
33 71 94 65
41 92 31 87
10 31 52 27
8 17 1 3
21 23 64 42
79 87 69 63
2 80 33 36
28 87 73 86
44 48 19 87
12 78 87 56
29 89 94 56
39 78 20 59
57 92 68 77
78 92 21 32
30 57 24 81
27 36 66 14
23 51 90 7
67 74 7 42
19 33 47 24
72 95 52 3
17 59 64 8
73 88 88 27
9 44 95 27
5 37 37 71
37 51 33 79
38 40 11 27
18 91 44 29
28 70 44 25
8 41 41 56
67 82 34 8
13 34 52 63
4 7 7 51
23 83 31 62
18 44 26 53
25 74 39 38
30 40 32 68
17 64 66 28
43 48 63 26
49 80 84 59
83 90 68 8
8 61 19 83
60 78 27 36
5 12 6 65
7 57 2 57
54 89 39 74
43 88 27 21
38 50 57 69
46 60 63 38
6 81 46 59
70 87 29 33
35 50 2 32
65 78 94 24
33 80 51 63
59 70 44 79
2 35 2 30
10 26 35 30
89 90 62 52
26 66 28 91
27 31 31 25
53 55 18 28
15 26 52 45
40 90 82 75
36 90 57 51
33 42 8 63
6 39 4 57
69 82 75 79
3 47 54 74
47 66 87 80
73 80 1 73
24 46 40 0
3 77 91 93
49 67 47 45
5 19 71 93
36 64 59 16
14 70 91 73
9 24 31 70
20 31 4 43
2 53 62 23
37 44 5 70
16 91 28 5
19 91 74 31
41 48 24 14
57 67 47 39
10 41 87 28
26 84 57 3
43 75 40 64
10 15 43 60
68 87 25 80
1 57 32 53
44 47 79 10
7 67 1 56
36 48 73 72
4 71 0 32
27 95 0 8
74 95 82 54
9 23 18 82
26 51 50 66
36 80 34 83
35 76 56 83
14 16 23 21
2 71 64 72
42 66 37 93
28 78 88 94
22 23 88 58
5 89 76 54
3 6 89 68
46 67 29 49
60 73 22 82
68 80 81 11
26 56 45 75
31 70 7 65
18 57 12 95
55 84 82 87
44 84 9 89
13 23 9 70
43 78 63 92
15 72 11 91
11 85 59 18
12 18 45 37
18 52 31 79
58 91 38 84
53 89 39 87
74 77 15 57
13 86 39 88
19 51 91 15
36 87 65 62
89 95 62 88
18 93 77 35
21 53 93 39
5 94 62 51
18 79 48 80
89 91 56 57
12 64 27 30
9 39 40 19
16 38 13 73
27 49 44 57
18 67 41 12
4 10 8 58
40 87 31 24
57 60 20 94
25 42 58 78
4 31 56 7
48 82 73 43
38 48 7 81
15 43 51 9
69 78 90 78
52 67 21 70
11 19 0 0
19 74 9 67
49 52 76 46
42 73 27 46
74 86 78 74
33 44 0 71
4 60 17 55
30 78 45 46
17 82 23 92
62 69 32 94
86 91 86 1
19 85 80 20
20 95 48 27
78 85 33 32
76 91 2 49
16 42 73 12
4 66 64 66
24 33 5 71
69 83 45 33
17 47 10 61
13 29 64 79
26 90 6 68
65 83 58 71
4 70 6 86
21 51 59 58
16 71 58 10
10 86 77 37
49 94 39 2
5 72 86 61
17 27 44 79
11 72 92 39
38 67 67 46
2 22 74 75
77 90 1 49
36 95 73 24
29 48 65 56
29 85 11 3
23 68 17 56
83 89 74 12
4 86 13 12
58 69 64 26
23 95 1 89
45 95 67 44
7 76 85 88
43 44 70 61
8 87 42 8
24 54 50 48
65 92 67 51
16 57 93 54
41 55 23 50
4 38 11 48
42 44 82 17
33 76 10 60
16 95 30 88
7 11 59 22
29 55 80 65
53 79 54 26
13 35 43 63
64 82 33 8
60 71 78 36
19 70 25 77
18 34 85 8
30 38 49 17
51 79 9 8
14 92 20 84
8 69 53 70
3 33 56 72
69 72 69 23
45 83 75 9
60 74 73 23
45 55 9 56
35 60 68 5
21 58 6 11
19 31 13 52
42 56 91 28
3 34 13 90
32 49 39 45
10 19 38 90
25 59 59 15
6 13 45 61
43 61 10 52
18 72 58 42
26 55 48 4
2 60 33 73
59 65 59 93
23 47 13 76
64 75 57 37
10 85 41 62
10 18 57 26
88 94 58 51
43 53 95 91
68 92 28 57
21 77 13 45
20 42 94 78
14 38 44 18
55 70 95 8
10 27 87 42
51 60 10 47
58 83 28 7
14 29 49 45
5 38 26 6
18 81 57 59
61 95 81 56
19 62 61 41
43 67 52 27
26 72 13 61
55 61 33 10
53 59 0 52
13 30 69 48
8 90 27 20
30 72 54 35
5 86 5 92
20 65 51 63
30 42 22 81
59 66 47 11
44 45 16 20
47 95 20 28
19 53 27 7
17 58 88 63
2 76 52 26
12 24 63 24
6 36 86 75
40 89 65 42
26 52 59 79
42 58 92 38
56 73 81 17
24 88 92 47
11 71 61 59
19 29 70 34
7 92 21 83
55 68 26 88
25 49 54 82
54 92 58 56
54 57 85 14
9 33 53 8
79 90 73 88
17 36 63 77
72 81 30 60
16 36 39 48
36 41 92 75
81 95 23 67
31 37 80 6
31 89 69 12
46 65 50 46
7 19 79 48
38 89 39 27
24 94 10 86
6 51 91 91
36 78 11 9
3 53 2 41
56 70 66 61
10 90 24 40
3 38 51 88
77 79 49 78
10 16 25 59
1 75 91 31
35 55 31 3
75 95 53 11
23 33 55 60
47 70 76 9
39 46 64 95
9 76 56 37
63 64 90 81
43 59 49 64
8 34 46 92
2 54 57 70
36 65 83 65
2 41 28 61
57 93 50 51
35 67 27 22
26 61 9 77
58 71 41 49
36 37 55 12
38 78 38 62
19 73 82 73
24 77 54 78
87 90 18 46
42 90 1 42
17 66 54 52
94 95 6 10
56 77 0 22
56 76 45 34
7 74 13 46
55 81 1 17
44 58 22 20
35 62 19 78
12 35 77 1
84 86 8 9
6 55 19 58
1 45 95 35
18 21 94 65
35 47 31 36
67 76 23 14
40 85 27 45
44 79 91 87
57 63 23 69
22 89 32 63
8 49 0 91
3 61 48 9
52 66 90 52
10 45 92 85
24 44 39 63
8 77 28 48
19 21 42 33
44 80 29 54
38 68 64 82
26 87 63 26
80 89 54 58
62 68 68 27
28 71 34 73
52 73 38 89
1 72 81 72
9 60 19 37
33 77 86 42
29 34 87 21
6 23 31 84
6 30 73 38
26 41 84 57
12 14 76 21
49 85 66 51
36 93 65 52
75 85 20 54
23 43 93 8
69 88 95 25
12 68 20 66
1 52 29 12
6 7 55 39
14 65 88 43
1 58 74 18
40 63 89 4
25 45 58 89
88 92 11 21
67 83 78 87
74 90 77 93
30 86 43 81
4 74 89 49
11 79 19 72
9 40 52 68
19 90 52 2
51 70 47 95
20 29 3 17
14 63 43 60
68 82 30 11
63 93 22 93
5 64 93 16
8 10 25 83
59 86 67 63
55 94 3 70
22 74 54 4
2 15 82 19
24 67 62 32
12 61 29 3
54 56 16 59
53 74 10 72
23 36 86 88
5 78 91 8
62 95 68 29
52 75 26 72
11 86 23 59
21 44 80 76
39 76 37 9
20 45 3 23
3 40 15 3
51 66 95 57
78 79 76 5
5 85 14 77
60 77 53 75
49 56 5 33
21 50 87 17
11 83 56 37
46 71 44 29
46 59 57 9
44 86 91 4
4 76 54 40
68 91 36 27
59 76 4 93
7 72 43 8
34 54 36 35
48 64 78 34
27 67 71 58
19 76 21 31
9 79 86 40
28 64 35 10
13 95 55 65
28 40 28 87
3 16 56 11
6 34 67 43
9 68 85 14
88 95 82 38
21 85 53 46
40 76 54 14
5 66 36 65
24 62 30 95
7 60 32 39
27 38 48 30
21 32 32 49
6 33 19 49
18 49 22 45
29 84 95 66
51 80 19 89
47 88 33 48
43 65 92 16
45 78 61 94
5 90 38 90
4 11 12 54
3 66 18 73
1 67 28 47
1 77 79 47
14 71 81 90
54 71 91 7
15 50 92 12
50 64 23 45
67 92 93 26
15 85 18 68
7 26 4 2
30 32 48 78
2 50 85 1
84 93 68 36
10 48 84 70
8 91 24 22
5 50 66 63
49 63 24 10
33 94 20 65
39 41 39 9
4 50 20 52
1 33 13 74
68 89 89 21
3 26 81 79
49 62 0 33
46 50 72 10
30 62 39 65
21 83 92 20
8 70 29 27
30 56 60 20
24 87 20 67
60 67 25 79
83 86 17 39
67 72 44 11
51 71 66 18
42 78 38 38
31 51 11 81
51 76 32 53
42 70 90 55
66 73 69 62
25 89 2 41
44 75 91 88
48 86 6 42
44 68 8 0
33 74 74 61
22 70 7 50
48 78 34 82
21 25 64 94
2 68 34 31
46 89 65 18
54 80 59 18
8 36 35 10
2 69 86 5
4 53 45 62
21 42 61 39
27 34 47 95
61 64 18 2
36 54 65 7
24 81 63 26
15 54 6 29
75 82 60 9
51 56 93 89
6 24 13 51
5 35 14 45
61 66 63 2
83 91 3 41
1 93 49 34
18 35 83 23
43 55 87 33
22 63 65 51
52 57 60 33
18 50 21 28
28 90 87 51
53 85 8 52
26 75 93 23
70 80 41 34
27 35 10 89
35 82 58 91
35 63 59 29
23 41 48 22
46 84 68 2
38 77 37 46
32 65 34 25
85 94 64 7
65 74 16 64
19 42 10 23
63 79 95 2
31 92 77 2
24 93 46 40
36 51 39 16
20 93 82 94
13 26 9 32
47 63 57 67
42 50 52 28
2 38 20 6
6 86 43 48
46 62 12 32
75 79 37 11
55 93 61 91
41 51 21 62
37 74 87 11
28 51 91 22
20 75 67 35
4 82 32 6
8 50 7 46
27 45 53 2
31 73 30 91
26 53 4 54
11 50 91 36
51 92 31 79
76 80 4 14
41 67 86 41
5 22 78 70
10 82 51 13
30 50 89 86
45 89 35 8
69 73 83 17
41 58 34 7
29 87 2 85
3 86 36 36
40 95 86 47
13 38 46 37
28 35 20 30
38 60 55 3
70 93 66 60
10 76 18 85
45 49 54 46
82 84 90 15
83 93 91 5
7 16 27 62
26 93 86 93
18 90 1 42
41 94 77 7
66 68 17 49
15 47 72 34
16 45 21 61
10 81 16 54
41 64 85 40
61 71 84 71
11 39 63 54
3 18 21 0
43 80 53 61
50 74 6 50
3 58 68 18
68 79 48 28
62 81 15 32
18 25 54 4
44 93 8 46
14 27 64 84
12 50 58 62
27 54 87 78
20 52 80 64
20 92 81 56
47 48 60 53
23 75 86 89
70 78 34 21
5 27 85 77
23 72 4 78
32 83 27 41
41 75 11 82
2 42 95 76
4 32 21 54
9 69 73 44
3 36 27 49
2 6 7 28
42 82 65 6
36 71 82 53
4 77 35 77
14 84 86 59
55 57 25 21
3 93 91 14
40 51 73 79
14 75 10 91
2 31 72 30
59 61 31 66
47 68 26 27
41 85 8 25
24 69 80 72
11 34 17 54
33 91 59 89
4 79 31 83
1 27 23 43
35 85 32 29
69 89 15 30
12 51 12 86
19 94 16 14
46 68 45 48
42 74 83 49
13 55 40 35
29 66 44 41
62 90 9 69
55 85 4 75
58 82 59 84
70 81 24 4
64 67 39 71
38 42 67 40
3 59 61 41
12 47 64 33
22 40 25 22
43 76 88 72
8 85 79 34
13 70 93 14
66 86 47 21
36 76 39 59
79 94 65 54
14 94 25 87
57 71 12 80
62 73 68 88
40 72 26 29
62 77 90 64
45 68 42 55
13 62 58 66
3 71 1 54
7 25 3 90
42 80 5 31
74 81 28 70
24 74 50 26
17 19 33 29
1 30 79 75
2 44 9 71
19 44 64 65
43 77 10 20
89 92 0 10
58 78 43 39
31 33 44 43
20 90 49 28
40 80 47 95
42 55 76 92
33 57 27 21
30 60 90 66
40 47 7 41
25 58 12 79
5 10 26 78
29 30 40 41
44 53 75 7
20 63 44 76
36 56 10 24
46 54 85 41
43 89 95 35
55 72 47 83
6 17 25 4
27 74 13 60
3 8 67 79
2 11 87 66
39 63 19 17
41 60 29 50
1 95 46 64
70 72 4 87
14 81 30 89
15 76 47 64
62 70 83 16
58 63 92 9
55 65 41 71
16 24 49 78
10 44 59 63
8 35 28 85
31 50 64 41
84 90 80 61
21 59 47 55
82 88 63 77
3 87 83 91
8 11 42 89
50 72 92 0
5 82 80 69
33 90 49 11
13 85 94 8
13 65 84 87
10 49 67 58
22 81 8 20
24 85 28 64
85 92 22 49
51 95 77 84
14 67 11 79
73 86 58 87
34 62 19 95
45 81 59 51
36 89 60 45
4 61 2 38
15 56 55 55
3 49 87 0
14 93 92 62
9 93 23 70
49 83 75 43
50 53 68 58
62 91 11 24
45 88 47 51
62 85 4 31
43 95 65 75
8 48 33 62
18 94 48 80
56 84 29 79
23 92 2 55
24 55 45 46
6 15 77 45
28 55 14 24
11 48 79 91
60 80 15 18
8 30 65 54
55 91 44 18
1 73 22 50
67 88 16 4
24 78 82 28
16 40 81 85
2 59 45 5
6 62 32 91
76 86 82 80
6 79 37 66
48 61 46 29
38 84 53 92
82 87 74 26
7 91 35 60
58 74 59 61
70 95 34 6
22 87 28 50
26 45 4 49
19 20 69 15
1 55 37 83
11 90 48 74
23 45 88 14
9 59 23 83
11 20 59 16
45 53 61 59
27 73 81 74
34 81 31 31
51 57 92 74
39 92 55 1
14 35 27 63
31 60 39 44
49 89 2 23
13 36 56 93
35 48 44 70
67 70 55 35
7 29 69 72
1 35 69 56
58 64 28 52
49 59 41 63
73 94 72 51
34 60 31 72
82 90 10 5
35 61 27 1
10 88 32 16
39 55 45 5
43 47 58 63
9 87 71 65
29 46 37 44
1 42 36 29
39 61 25 27
27 41 14 6
35 77 16 82
1 13 13 44
8 66 73 57
1 14 6 66
33 79 68 44
59 80 46 45
84 92 92 75
10 87 36 84
60 91 3 3
17 29 39 0
47 84 43 64
38 92 89 89
57 66 13 9
22 32 93 79
13 93 28 68
57 58 67 27
74 84 93 41
58 94 26 5
24 39 35 72
38 91 71 18
12 27 86 62
11 51 78 54
40 66 71 89
31 80 38 7
80 81 56 15
37 53 5 26
27 76 74 90
2 89 43 1
51 58 46 11
34 65 94 23
4 88 7 9
32 52 0 13
24 34 55 4
46 85 55 90
59 90 40 73
18 48 86 17
39 52 43 20
58 90 4 6
2 40 55 69
31 76 81 93
17 85 5 31
41 46 19 13
81 92 85 39
23 28 26 47
34 50 80 26
28 81 23 10
31 82 88 83
33 53 80 29
2 77 80 95
77 84 57 69
1 44 4 30
29 95 91 95
62 80 78 31
19 26 18 39
45 64 10 5
34 87 78 70
12 80 36 29
36 43 65 53
14 30 54 73
9 85 17 61
7 22 50 35
19 45 91 89
19 38 39 61
14 57 56 47
27 87 67 67
28 49 12 69
11 25 21 90
28 53 38 49
60 86 53 25
28 95 21 69
29 94 5 12
33 39 67 29
58 68 7 35
45 61 59 40
17 73 21 2
30 79 77 34
36 46 27 79
24 59 62 54
28 41 13 59
35 51 45 64
8 75 71 38
35 43 27 10
38 85 28 14
71 72 17 79
27 40 66 24
45 74 7 4
40 70 17 51
36 61 44 55
46 88 43 10
53 84 77 0
66 82 75 17
20 69 72 14
3 64 53 45
63 71 38 66
73 90 58 27
27 82 89 43
65 71 92 11
45 79 93 67
13 72 33 39
15 78 81 49
59 82 73 20
18 51 42 58
5 65 64 33
10 54 27 18
39 48 59 26
65 94 70 64
48 74 64 49
56 92 41 1
23 82 68 70
22 28 27 95
3 74 66 45
45 70 88 30
25 34 59 52
24 37 29 18
37 83 5 46
55 78 85 44
25 36 74 36
25 44 8 88
79 83 22 58
5 15 9 35
61 76 48 34
28 50 8 36
90 92 86 72
11 49 11 7
8 60 61 34
4 44 67 65
37 84 31 41
2 64 69 0
48 87 19 94
9 34 29 95
32 45 78 31
17 76 55 4
24 58 54 5
3 17 84 28
79 95 78 76
25 46 71 32
39 65 47 59
74 91 7 68
49 84 54 78
16 85 59 16
29 80 29 64
74 75 52 65
8 62 91 20
11 58 73 33
60 84 67 17
4 29 30 8
61 92 92 90
63 76 50 6
25 84 52 39
28 77 67 26
53 73 3 89
76 95 28 80
13 52 29 9
13 46 90 70
29 45 32 8
30 70 34 15
16 89 29 60
56 79 35 82
74 78 79 10
42 76 32 11
37 50 39 17
8 14 18 34
1 89 40 39
17 30 25 28
39 58 28 40
52 87 87 27
53 90 72 69
20 80 74 84
41 82 56 80
20 37 34 56
31 69 93 66
58 76 32 42
76 92 66 65
23 40 64 28
29 82 92 89
44 66 77 90
53 82 53 92
2 88 47 94
77 80 2 62
37 95 62 57
18 47 13 7
45 46 94 39
46 47 63 35
47 89 59 62
47 74 53 44
11 14 17 60
73 83 35 28
63 83 48 76
3 95 85 77
15 16 36 94
37 76 19 34
21 92 26 89
69 93 33 67
15 25 56 47
5 73 65 32
31 52 30 36
41 76 62 70
9 78 19 8
13 54 63 12
65 67 66 20
27 85 16 28
32 50 43 83
23 48 51 80
20 58 40 31
37 69 28 66
9 65 41 71
27 30 83 57
7 42 40 44
68 85 66 58
59 84 88 61
35 39 78 5
3 19 40 33
50 90 42 49
42 71 9 21
65 77 72 28
48 70 84 4
24 56 72 46
16 43 59 37
1 9 21 4
40 82 63 65
24 73 69 15
6 50 54 75
26 67 85 87
8 57 31 57
5 11 28 86
32 37 72 32
54 79 77 8
5 39 21 3
46 74 63 89
12 59 22 94
53 70 49 95
4 81 81 79
31 75 59 80
68 75 8 1
43 51 56 37
43 70 43 47
36 42 48 9
18 64 36 41
85 86 82 13
56 91 74 64
27 58 84 83
16 93 7 19
9 22 53 36
10 58 50 39
65 68 82 36
85 87 39 22
30 45 60 87
38 83 15 43
69 80 32 79
16 23 8 9
8 88 41 33
25 37 60 34
3 9 18 57
24 64 72 16
34 63 92 80
74 85 78 66
22 95 12 53
14 47 35 40
20 88 44 71
2 25 38 89
19 93 26 78
6 74 26 52
27 52 78 14
14 61 49 56
31 39 56 75
56 65 27 54
63 88 72 17
40 41 73 15
12 67 83 89
81 87 44 67
13 84 84 76
28 66 17 9
75 89 74 42
79 84 94 91
66 95 64 18
8 12 18 55
25 63 11 1
51 94 48 14
24 57 2 77
1 60 10 40
8 72 32 7
57 70 70 11
39 93 4 5
26 69 41 28
46 86 61 8
51 55 69 33
32 62 54 50
33 86 71 11
9 13 17 33
9 46 10 36
39 74 54 60
2 92 6 91
40 91 50 90
15 61 57 30
29 92 70 17
31 46 40 24
30 49 64 64
9 56 67 77
20 84 73 10
50 73 66 2
37 42 15 63
62 74 83 94
20 30 0 94
21 45 54 54
30 53 77 39
1 84 68 38
62 76 47 10
14 60 27 57
30 66 73 6
6 25 0 73
40 77 71 38
18 73 69 49
53 68 12 10
53 71 11 72
63 66 21 69
62 78 6 74
12 40 4 18
33 70 20 9
9 41 17 66
20 64 54 17
45 62 67 10
24 36 94 59
22 60 10 5
38 55 13 27
20 23 44 77
4 19 95 6
50 75 45 29
22 44 38 45
13 78 89 68
57 87 63 82
15 34 48 13
27 78 45 46
71 95 15 92
62 83 48 78
66 88 55 69
6 66 83 4
47 71 81 43
31 36 31 95
10 93 31 7
2 16 40 23
65 84 22 38
1 25 82 81
13 58 70 75
86 95 16 37
52 91 54 35
17 42 46 0
3 83 3 46
6 38 89 56
4 14 40 59
37 90 82 5
54 62 48 41
9 45 73 68
16 65 73 64
13 21 21 7
11 74 88 47
41 43 13 1
14 95 15 7
19 40 15 2
64 87 59 63
6 31 30 22
52 71 81 88
75 81 31 65
3 89 61 52
47 49 11 38
39 66 5 52
27 33 16 19
63 75 37 18
50 85 30 16
57 68 28 51
33 65 49 40
30 68 1 35
27 88 94 60
14 28 86 88
21 79 30 33
38 56 83 82
60 88 21 6
8 43 41 4
45 63 32 11
28 93 23 41
71 78 7 28
42 88 68 35
1 81 47 8
24 32 92 26
30 54 7 45
48 80 63 22
34 70 40 87
12 92 64 56
56 78 93 2
11 36 58 39
69 76 24 95
54 65 12 42
30 76 95 93
9 27 80 92
2 39 52 86
19 78 23 39
27 66 22 77
36 79 49 33
44 85 75 65
37 45 2 80
11 59 84 20
28 82 10 49
40 50 17 19
12 74 8 48
68 86 78 11
8 44 12 63
20 67 14 2
25 61 50 52
15 83 71 13
9 67 21 86
44 52 74 13
17 81 93 90
21 27 40 60
40 79 11 90
22 86 44 7
40 64 8 27
60 63 18 42
21 48 37 71
39 83 57 60
2 87 77 19
26 68 15 17
5 21 31 33
38 54 7 77
22 94 13 19
32 60 0 66
32 73 7 14
26 89 37 47
27 59 44 51
5 58 19 5
39 87 81 91
52 60 69 93
62 66 89 73
7 78 46 84
39 60 52 27
91 95 62 95
40 54 3 78
42 92 7 35
45 75 68 10
19 69 44 34
35 58 73 9
30 90 34 45
42 77 1 58
33 51 47 20
43 62 60 87
17 84 31 68
26 77 63 12
21 52 80 40
22 49 47 60
5 75 1 12
16 82 16 48
10 36 71 81
36 82 37 68
32 88 46 79
36 94 1 68
46 48 79 0
4 83 53 41
42 64 26 85
18 62 74 67
48 93 28 35
18 27 35 40
46 87 92 91
21 88 9 7
25 43 15 13
78 89 69 9
5 83 14 69
24 29 92 44
9 12 85 61
21 31 78 67
28 84 90 31
53 72 23 61
32 43 31 72
48 85 87 83
1 49 88 14
59 92 79 71
14 76 32 74
60 68 70 27
5 24 57 18
12 41 63 91
81 94 71 25
4 25 51 67
10 40 2 58
8 56 19 50
13 14 66 89
47 72 73 11
8 24 49 83
60 62 72 62
64 89 40 65
10 29 30 29
57 69 15 10
10 55 40 85
35 89 11 85
26 60 28 76
86 88 70 12
17 24 74 14
4 93 18 23
16 86 14 28
35 53 68 55
57 80 18 56
40 56 20 94
12 56 84 53
8 80 11 27
35 84 55 44
9 81 68 41
33 85 22 58
53 83 85 75
77 83 79 51
33 60 65 60
35 45 63 73
49 78 76 78
44 69 53 11
32 69 90 12
15 77 58 16
39 47 0 55
39 51 26 49
73 87 29 5
40 42 4 78
9 63 50 54
60 92 60 69
64 69 74 55
70 82 78 85
67 75 60 60
38 65 85 3
49 77 77 89
17 74 1 42
57 74 85 5
13 71 24 27
20 35 84 28
8 27 55 54
42 85 18 40
55 89 86 67
21 66 72 8
54 73 82 26
48 81 14 76
23 53 67 89
5 28 70 81
19 71 40 94
81 90 1 23
13 44 55 90
20 26 17 19
9 29 94 16
85 89 28 78
78 90 77 36
37 59 15 67
13 32 52 78
64 86 16 41
65 95 70 37
2 61 23 14
24 52 83 31
12 70 2 48
26 82 55 77
7 56 11 4
13 25 32 82
20 78 33 91
16 75 56 27
55 83 64 29
5 81 82 14
5 34 28 12
29 32 3 84
32 61 93 83
61 62 1 2
13 56 93 6
21 60 15 45
75 90 70 11
38 59 22 40
21 46 63 93
15 23 78 38
80 84 48 27
13 66 18 28
40 62 35 16
12 65 74 74
56 58 15 55
12 34 84 20
54 75 47 93
45 65 50 92
41 50 51 84
41 44 50 39
14 88 45 56
7 59 34 8
45 90 57 29
9 94 10 89
16 92 7 60
19 84 65 34
23 31 80 86
13 82 74 17
71 81 20 60
62 79 88 88
35 52 17 68
3 14 65 63
11 42 34 81
28 79 42 5
9 28 88 33
18 28 67 86
31 71 8 10
1 6 79 50
9 25 14 20
36 66 46 55
42 89 28 89
9 19 9 63
24 38 79 37
75 83 46 56
78 88 69 57
22 61 46 34
19 50 90 67
75 88 32 34
24 82 74 63
6 82 61 95
48 50 52 42
14 52 22 10
25 95 30 28
34 80 6 92
42 75 80 70
51 52 22 74
42 65 18 25
41 68 49 88
34 58 86 72
35 54 25 95
17 79 21 4
49 91 53 55
42 51 23 27
56 72 52 55
44 90 28 63
5 32 94 60
56 87 5 77
14 33 43 64
47 93 23 71
2 70 19 58
70 88 33 7
23 94 51 87
26 36 53 73
72 84 20 19
76 94 7 20
56 93 95 22
38 64 70 84
58 77 36 5
9 62 55 48
47 80 31 29
65 91 41 20
50 61 53 77
83 92 18 58
58 85 59 60
74 93 86 42
6 78 4 59
59 88 16 7
15 89 90 84
78 81 79 36
4 33 28 17
30 87 43 26
13 87 35 21
49 93 70 69
32 40 70 53
51 89 68 22
43 94 39 60
61 90 78 29
42 69 6 19
27 94 59 67
84 88 34 48
87 89 11 82
43 60 91 25
1 80 37 7
51 74 12 80
24 90 91 89
22 79 75 74
10 56 17 60
18 77 2 64
28 38 64 17
47 61 24 58
29 71 95 77
19 82 39 14
27 53 91 71
35 44 74 30
20 72 35 78
1 83 63 89
14 49 28 44
21 37 35 6
26 37 92 37
59 83 25 46
3 45 36 60
23 90 32 62
1 28 8 39
23 63 15 27
16 83 94 22
16 58 43 27
1 26 71 57
14 48 94 40
45 60 40 12
38 66 60 6
71 74 64 33
57 62 0 35
35 56 9 70
12 95 66 11
11 44 80 28
26 94 10 88
11 13 85 51
55 82 43 36
15 71 34 18
15 94 61 20
6 49 6 73
5 16 56 4
22 42 51 30
13 51 27 18
52 92 28 39
13 20 79 16
23 24 42 57
27 71 43 40
55 76 93 28
5 54 84 9
18 61 77 60
10 42 29 5
14 62 30 25
85 95 81 61
19 32 80 34
63 81 31 1
35 71 15 85
3 52 22 43
76 77 83 13
44 64 79 91
45 80 33 91
12 48 87 26
55 66 3 0
15 86 26 0
28 75 16 45
9 54 90 64
26 40 73 32
23 87 11 32
19 79 53 80
73 82 60 95
1 94 92 76
31 49 26 71
19 81 88 36
28 94 59 69
12 89 69 70
15 73 61 42
13 49 22 22
33 49 84 75
7 90 47 13
21 94 41 19
11 21 86 6
2 84 93 23
41 70 11 60
52 88 43 35
43 66 6 70
46 52 41 22
39 67 88 74
24 91 33 28
42 68 92 65
1 50 9 47
17 91 34 82
12 37 22 69
16 19 65 47
1 79 86 74
37 79 30 63
6 58 58 77
61 81 20 87
5 40 49 94
29 91 25 69
16 28 38 30
42 49 41 4
57 83 60 78
39 42 87 28
59 78 19 42
30 35 32 26
8 28 94 20
5 20 17 36
19 36 91 48
23 60 95 38
55 56 17 33
43 63 28 10
27 28 54 91
21 39 36 78
58 75 18 73
7 55 37 74
37 82 42 14
32 90 35 52
20 83 17 19
17 21 32 15
81 84 85 42
50 95 79 78
9 10 29 92
77 78 88 81
3 88 50 30
24 79 7 25
13 74 89 86
20 38 95 3
70 91 75 44
72 82 11 79
14 19 46 44
17 77 13 30
4 5 9 65
24 60 34 57
76 85 25 77
61 86 53 37
1 59 72 14
6 52 75 11
40 60 78 31
13 45 49 14
19 72 50 23
35 68 38 54
66 84 56 50
23 73 34 21
38 93 1 55
28 36 64 30
12 16 46 25
41 93 89 42
10 33 59 90
53 93 92 84
65 90 56 39
13 47 16 17
34 41 42 74
5 53 20 67
29 61 52 5
53 95 6 10
14 15 64 81
33 36 73 65
18 24 35 78
14 83 54 48
16 35 56 31
22 57 26 50
49 72 58 15
21 36 94 54
58 60 87 26
20 74 14 44
37 64 25 55
4 90 6 65
34 76 63 40
24 40 93 55
17 49 85 58
30 74 33 32
31 77 30 64
13 94 94 37
46 80 7 8
29 64 36 83
55 67 43 43
50 67 25 41
79 92 87 41
14 24 36 56
22 83 40 48
13 28 4 34
18 75 33 19
9 14 1 50
65 66 28 93
23 78 15 80
79 86 44 47
58 66 37 85
36 83 69 7
84 89 93 70
31 40 56 39
80 85 13 37
19 25 50 75
2 67 21 21
28 91 87 90
92 95 70 54
3 94 67 91
23 62 41 14
11 56 59 66
2 90 95 23
17 23 21 36
20 25 5 59
35 46 74 83
31 88 28 65
29 44 15 29
50 77 3 32
27 79 58 63
22 39 63 75
33 58 43 9
29 60 67 74
36 62 88 2
45 86 40 62
20 22 90 80
37 63 33 62
75 78 18 3
15 28 25 32
33 67 51 51
39 50 22 65
41 89 49 50
9 72 37 1
49 73 45 65
87 94 4 92
74 82 65 58
1 91 1 27
51 85 20 51
1 8 48 84
7 32 60 56
36 70 63 37
24 83 95 16
8 64 36 50
28 56 42 58
37 65 46 90
10 47 23 94
2 48 83 57
12 79 45 40
16 90 70 7
8 51 34 55
2 33 37 22
56 59 67 30
26 88 22 30
22 47 64 28
59 77 15 52
50 59 77 55
12 23 57 30
61 72 69 7
37 55 31 75
15 31 68 65
8 73 46 62
41 84 82 70
64 88 73 62
13 22 3 13
18 26 14 3
27 77 46 60
29 47 18 76
43 73 47 37
33 92 0 90
9 95 33 54
8 23 88 79
10 12 87 92
38 52 25 95
49 88 61 30
18 39 59 68
24 31 24 54
27 83 20 55
11 84 94 41
25 47 36 20
1 24 22 55
84 94 29 59
4 55 62 37
63 94 3 20
20 61 66 80
77 89 69 44
4 23 72 2
5 77 5 58
19 86 43 91
42 54 71 95
61 89 44 92
34 43 75 7
11 30 61 29
46 73 59 11
12 30 40 64
60 90 63 82
25 67 60 74
2 65 94 74
27 93 67 89
41 63 21 57
46 93 88 40
44 70 23 21
32 53 70 24
34 95 90 3
29 52 69 40
23 56 12 16
15 87 84 50
73 91 61 3
33 61 81 32
60 79 4 21
31 74 0 25
36 67 44 0
39 53 67 44
27 65 59 41
18 36 73 73
13 90 5 89
22 45 77 52
51 63 44 66
29 68 63 82
7 8 29 44
6 53 33 80
5 91 48 84
42 63 47 14
44 81 61 48
80 90 29 61
18 20 86 34
3 75 51 58
13 68 57 89
21 35 35 73
10 43 44 76
53 86 11 13
20 34 57 52
1 71 26 6
2 46 4 80
25 32 10 6
13 92 59 13
27 61 24 57
66 91 46 88
24 66 76 22
29 40 74 59
8 71 16 13
22 30 78 92
75 92 38 70
24 95 54 84
39 73 13 15
41 72 93 80
41 88 59 43
43 50 63 37
13 16 35 31
21 61 83 47
31 41 90 54
64 72 21 65
42 84 28 64
24 84 88 10
39 69 77 15
10 94 50 60
31 55 36 86
3 4 4 90
35 41 5 75
32 84 48 2
36 57 54 30
12 36 38 12
33 69 26 33
13 75 9 5
59 91 0 91
50 71 24 13
9 75 48 83
39 86 42 37
36 85 76 59
53 65 56 74
7 41 22 14
5 49 89 92
20 62 87 69
54 82 16 24
39 71 51 67
50 92 34 54
40 86 12 85
35 75 57 68
72 75 20 32
9 57 68 16
67 81 85 34
30 81 29 79
32 81 34 48
11 29 1 34
19 22 50 24
4 36 8 46
36 49 54 49
50 87 9 94
25 33 54 33
11 89 38 56
14 54 60 94
4 43 31 10
65 82 3 11
22 93 0 46
56 68 15 47
45 73 27 52
14 69 71 85
2 63 88 76
16 74 86 80
27 37 12 13
11 62 1 5
40 81 37 63
49 53 50 42
26 54 34 42
71 93 4 79
5 71 44 95
56 63 66 28
4 49 41 66
27 72 68 4
56 90 17 48
9 64 39 3
48 53 65 8
37 39 66 35
70 90 53 83
53 75 51 74
27 29 52 56
20 60 77 52
48 72 74 12
57 88 9 5
21 72 59 30
8 55 58 87
68 73 51 56
51 53 7 27
16 66 43 81
50 65 82 48
44 83 72 64
32 64 73 95
66 72 32 66
3 91 31 0
20 49 37 70
9 20 18 67
64 68 47 67
28 76 75 7
32 85 46 9
12 76 60 4
29 76 49 57
22 50 52 41
5 7 61 55
34 59 71 72
76 89 95 54
40 46 4 60
3 85 63 52
76 83 20 67
12 29 95 40
15 30 11 33
1 87 53 13
56 75 70 87
38 74 27 37
16 51 58 20
1 23 45 52
20 87 71 25
16 87 95 23
13 76 84 9
12 20 18 54
5 17 18 23
56 88 32 17
50 89 27 26
72 94 66 93
13 37 40 32
50 84 5 58
14 21 56 93
23 88 72 21
44 77 95 94
37 61 66 59
25 68 87 24
14 72 33 62
55 73 46 78
41 54 90 70
59 79 71 82
49 69 85 44
32 39 37 88
45 84 21 24
45 91 75 95
17 63 26 76
3 56 27 1
2 9 53 83
39 79 62 45
19 66 1 52
27 44 79 21
26 39 24 46
51 91 38 39
1 85 79 54
86 87 19 64
4 52 55 11
24 61 39 56
13 63 84 5
3 30 41 12
69 85 74 59
57 95 35 76
21 74 77 39
58 87 58 61
19 48 86 63
11 81 45 24
33 73 42 55
3 39 60 27
6 71 18 47
26 65 14 68
70 74 20 84
42 46 68 26
81 85 73 79
29 41 84 59
20 50 51 15
20 57 86 61
23 54 26 35
44 67 55 29
52 76 17 65
9 35 11 28
40 58 35 18
29 74 9 29
48 59 83 83
1 20 85 49
12 17 81 31
64 66 30 17
51 64 33 3
4 78 66 27
51 77 17 30
28 63 45 30
52 68 93 44
32 63 2 75
73 78 74 78
82 93 26 95
34 56 83 93
47 67 79 67
69 74 18 32
1 51 17 68
42 79 73 84
52 74 54 36
63 86 20 7
23 46 41 88
82 89 95 44
10 51 36 63
20 70 60 4
39 43 79 48
12 84 79 59
23 58 76 74
23 66 69 7
33 37 28 84
6 91 55 50
52 63 3 68
46 55 45 95
47 56 36 65
76 84 62 81
53 64 92 78
76 93 23 88
55 60 15 3
65 70 36 27
33 72 53 26
5 41 35 59
14 79 28 0
6 90 84 73
11 95 76 9
49 71 62 89
53 88 42 89
9 90 86 20
29 33 28 1
9 18 10 1
20 81 60 40
23 55 48 74
62 75 93 26
32 93 21 51
4 47 21 14
34 46 1 65
49 65 47 32
46 78 32 69
60 66 82 42
52 78 93 53
10 84 20 18
50 81 36 33
12 25 71 24
13 81 69 61
46 51 48 56
23 27 15 74
32 38 19 29
23 29 51 13
36 59 59 16
5 79 16 46
44 49 73 41
15 40 85 17
11 88 93 77
49 90 24 94
15 51 92 80
26 48 64 82
46 91 89 18
7 43 6 75
14 85 55 4
55 69 3 95
35 91 40 25
83 95 12 11
33 35 67 4
11 78 78 73
44 88 61 3
53 61 67 56
35 69 4 72
10 11 81 1
62 87 83 33
57 94 78 83
2 66 54 53
63 68 85 95
43 52 40 46
7 31 68 60
16 61 37 76
71 84 50 59
60 75 37 71
74 88 11 78
41 78 52 22
3 25 54 34
23 69 66 51
78 83 1 14
11 24 51 8
11 91 75 62
1 22 77 51
5 23 0 39
30 92 89 17
28 88 43 47
29 70 83 86
81 89 75 91
3 76 73 34
2 14 87 45
3 78 53 9
4 63 71 72
36 44 50 91
19 23 43 3
72 77 65 0
8 46 11 46
17 33 71 65
24 48 24 2
54 64 67 1
66 80 12 19
49 95 0 45
19 34 76 64
52 55 83 74
28 62 22 31
27 91 50 50
58 72 29 69
52 86 93 36
58 59 78 59
77 86 87 1
47 50 10 44
20 54 26 43
33 66 50 76
5 29 72 56
14 25 25 89
61 73 13 63
46 49 56 60
17 61 48 44
77 94 10 91
16 21 73 3
52 69 55 41
22 73 37 45
9 80 16 49
11 41 4 12
74 79 31 33
15 49 56 73
24 80 71 2
32 89 64 53
38 95 65 26
44 60 90 34
3 44 41 75
1 64 22 35
63 74 34 19
31 61 3 34
82 85 17 16
46 76 45 45
30 85 70 33
9 49 74 35
2 56 52 24
22 67 73 57
42 61 39 22
1 70 17 81
22 26 75 50
2 37 51 52
43 93 69 61
16 78 14 95
37 60 23 69
41 62 23 95
10 37 61 82
17 52 26 80
11 43 77 47
17 48 87 0
29 43 30 62
19 47 51 26
72 86 27 70
3 68 49 17
34 78 64 52
6 14 59 62
30 37 11 59
52 56 14 91
20 51 55 38
6 32 56 94
65 89 62 55
28 86 88 72
11 35 33 0
62 84 10 44
68 72 47 20
17 93 6 60
2 85 92 29
25 78 12 48
43 56 17 70
24 26 76 93
76 78 32 9
50 80 42 46
7 23 39 26
5 6 63 17
7 13 63 6
14 32 24 56
79 88 29 45
46 61 55 53
8 32 20 86
53 78 28 49
17 94 93 81
74 76 23 34
37 94 93 36
53 67 95 73
23 93 1 49
28 85 83 1
18 53 18 20
7 48 4 48
26 38 39 32
72 80 31 6
14 46 89 9
23 59 66 89
38 63 77 58
18 41 32 8
36 77 45 43
22 38 78 5
51 88 48 74
50 76 30 17
64 73 52 14
40 44 20 93
18 89 55 43
16 60 47 32
19 65 2 50
32 48 13 28
3 20 71 68
42 60 59 17
10 95 37 80
6 70 51 57
8 29 43 23
31 93 89 82
8 15 83 28
8 31 61 31
22 78 53 55
10 62 6 79
2 72 38 65
17 43 18 13
31 85 2 81
1 36 34 93
5 87 41 25
22 72 17 9
85 91 87 14
6 44 26 44
8 40 33 29
86 94 74 28
21 68 46 31
3 80 39 51
35 70 6 82
41 91 89 28
12 69 17 56
42 43 17 16
53 66 83 44
15 58 40 68
40 59 94 28
82 86 55 49
61 83 24 82
2 21 31 31
3 10 95 85
15 36 24 5
22 77 49 94
26 32 92 1
35 64 31 92
14 74 54 85
38 62 79 1
7 50 85 57
17 83 66 68
78 82 88 41
48 60 16 1
60 61 29 63
45 48 26 85
2 45 60 48
53 58 16 30
63 82 61 69
8 25 62 11
19 43 21 49
29 36 67 22
1 62 48 86
70 84 6 56
86 89 17 40
23 39 66 46
4 48 25 73
43 45 48 8
12 85 18 60
42 86 15 81
5 80 75 75
26 27 7 82
42 48 26 3
39 75 77 0
21 57 47 84
2 13 35 58
4 80 90 11
37 71 63 34
20 89 32 82
48 89 58 5
7 87 35 8
9 89 3 34
45 57 42 4
17 39 63 43
22 59 48 32
29 57 48 46
18 74 37 79
4 84 15 18
77 88 30 37
7 53 7 56
67 80 72 33
29 75 94 60
83 85 28 85
21 43 32 63
11 15 12 30
16 46 7 81
43 46 74 9
6 48 5 81
13 50 8 73
3 60 79 26
26 43 51 17
26 44 40 48
44 54 20 35
53 54 75 85
21 69 28 89
54 66 32 20
27 62 74 56
61 80 24 22
19 56 59 37
15 18 41 88
15 75 58 88
7 82 90 67
11 55 66 76
26 78 65 27
6 20 23 85
10 66 16 36
7 35 21 27
41 77 4 67
69 86 50 64
19 89 8 85
29 83 67 69
39 82 65 52
34 86 20 50
28 58 79 52
55 88 77 84
9 88 4 17
12 62 64 45
10 70 31 79
11 22 80 66
5 14 68 22
27 55 38 1
6 8 20 93
11 82 82 19
41 74 32 74
36 72 9 10
34 44 86 13
47 81 23 20
48 92 88 3
19 46 61 70
63 84 50 57
44 76 12 70
19 95 33 20
57 90 64 81
53 87 8 84
6 63 35 55
16 70 59 86
30 67 74 30
30 41 78 77
11 69 68 6
19 55 41 59
5 45 59 74
49 60 90 70
24 35 62 73
28 69 11 29
39 81 67 50
56 81 43 34
7 70 24 90
92 93 63 90
14 78 10 37
7 81 35 27
44 56 85 94
2 52 19 48
33 89 61 77
21 93 95 65
50 66 26 65
16 68 45 48
7 46 32 75
40 57 13 3
61 69 3 64
11 76 50 46
61 82 34 16
67 84 60 70
12 19 93 78
12 54 84 13
28 43 60 11
27 81 64 64
69 87 49 39
22 53 39 82
26 92 74 32
4 41 88 51
25 65 14 41
53 94 37 76
48 68 33 64
72 85 30 90
12 72 90 4
33 45 58 86
37 58 35 81
68 84 27 22
40 48 25 39
11 46 0 69
9 48 72 31
61 68 90 82
27 32 21 92
53 62 10 44
25 82 70 43
29 65 2 64
71 94 78 44
66 77 84 52
12 58 58 7
54 74 60 55
33 43 62 50
36 86 71 14
17 72 61 67
11 68 45 90
41 83 78 60
51 62 1 95
64 85 63 22
60 95 52 63
21 56 67 70
12 63 12 64
46 75 11 24
6 73 23 66
4 62 22 94
77 91 81 0
78 87 21 89
32 91 26 56
36 92 28 62
33 95 38 23
11 16 33 13
65 69 58 47
11 38 83 58
36 75 54 82
35 83 49 68
40 43 43 48
52 93 63 46
45 87 8 44
76 87 59 46
42 67 60 48
71 89 52 7
5 63 79 89
38 39 91 84
72 83 25 75
31 79 13 15
52 70 68 37
39 57 82 26
73 95 29 88
26 64 78 56
37 73 77 6
8 42 55 80
21 62 52 50
32 76 70 80
10 61 43 87
32 36 66 25
66 83 30 91
9 55 75 52
58 70 14 49
33 93 69 37
41 87 24 58
54 70 34 34
2 43 18 1
5 18 31 68
45 66 90 49
7 10 18 66
69 81 25 59
2 34 87 12
10 57 10 76
2 24 43 21
51 93 84 5
8 93 36 48
13 15 67 48
33 46 94 77
27 46 92 69
18 76 65 49
12 53 36 10
80 82 52 89
61 78 68 35
72 89 92 17
30 31 49 56
30 46 51 58
1 16 49 5
21 82 21 39
8 18 37 64
48 76 43 55
13 80 37 48
83 94 15 79
14 43 13 88
61 88 80 22
43 64 65 79
75 84 37 56
9 86 78 90
16 56 11 34
67 93 1 55
8 76 64 13
20 33 71 31
77 81 80 58
39 94 73 6
3 57 41 89
23 52 14 30
91 92 36 80
59 62 45 43
39 59 91 43
35 90 18 35
52 79 20 93
26 31 13 42
7 37 61 92
22 25 16 69
28 30 41 3
2 32 47 24
7 47 52 87
15 38 57 29
3 7 18 95
61 94 18 92
25 48 23 41
87 88 16 32
7 73 72 37
2 10 69 21
6 43 43 71
50 88 17 74
21 22 5 66
9 52 17 39
47 55 47 65
66 70 17 1
30 65 18 28
62 63 39 7
49 61 68 22
38 57 57 89
49 68 55 18
38 80 22 70
58 67 28 41
24 89 89 19
46 94 43 12
40 68 55 17
31 91 20 67
56 66 40 69
34 88 23 82
6 76 83 58
21 55 47 8
87 93 21 83
18 38 22 21
38 46 56 27
82 92 83 59
43 86 11 16
33 55 71 37
33 63 52 27
31 57 77 92
72 87 62 78
15 74 73 30
3 15 37 69
29 88 32 75
6 83 62 76
14 42 31 35
14 20 71 29
30 43 51 69
16 30 13 75
52 64 30 58
14 36 40 51
11 80 94 0
3 73 4 72
62 82 66 31
9 74 26 68
11 52 39 58
37 80 80 70
11 64 60 5
44 91 1 29
60 93 8 58
27 51 95 50
93 94 53 20
7 36 2 64
70 86 68 89
11 70 94 9
21 78 61 83
6 67 14 13
8 59 30 83
74 89 9 40
23 70 34 38
14 23 87 5
69 90 52 6
14 41 5 1
44 65 55 74
22 58 2 89
26 86 56 25
7 54 22 78
47 69 47 1
55 87 86 68
13 88 83 13
23 32 43 19
31 34 0 5
50 55 30 62
67 89 5 26
10 78 64 86
7 17 7 6
30 93 69 86
57 78 2 93
4 85 86 41
63 69 79 84
22 35 44 83
45 71 65 63
71 92 49 34
45 56 66 20
18 46 21 65
24 92 93 63
52 77 75 51
21 95 28 5
32 44 63 69
6 29 55 48
75 91 71 38
14 59 65 79
28 46 69 86
32 72 64 63
9 82 55 47
3 62 18 56
3 81 43 59
16 27 43 79
48 56 49 45
41 80 95 56
71 79 4 29
42 87 75 29
26 46 25 10
13 59 1 0
17 67 92 13
31 81 71 88
41 66 91 82
30 52 93 85
53 92 22 57
52 95 53 29
82 94 47 22
71 82 36 30
22 31 68 17
25 50 10 32
42 95 40 7
15 93 57 68
33 40 71 81
41 86 74 64
51 54 79 29
12 75 49 33
36 53 86 74
18 31 41 62
1 7 43 93
47 53 26 22
46 95 69 34
48 52 50 51
57 81 39 82
60 65 13 9
78 91 36 16
39 54 11 50
12 71 24 65
65 93 45 78
36 73 70 39
59 71 73 83
93 95 84 49
47 64 33 94
28 45 56 31
59 81 26 79
22 55 86 0
3 51 75 19
4 69 56 18
6 16 93 55
57 72 26 60
55 90 85 32
11 28 34 63
69 79 88 47
45 47 65 75
16 72 24 79
55 71 14 13
29 42 47 52
35 93 94 34
21 76 61 16
13 17 58 15
4 72 66 52
54 63 38 35
20 46 70 88
16 84 74 62
32 79 66 5
41 57 37 0
39 84 35 55
29 35 58 95
49 58 0 43
22 29 2 71
69 71 35 27
13 89 69 50
11 17 16 5
7 68 13 1
7 15 50 9
62 88 67 5
20 77 84 94
75 94 64 27
6 46 76 36
74 94 44 66
18 84 72 24
54 88 43 79
18 30 41 74
30 55 70 46
28 54 28 91
3 92 63 65
38 90 84 13
2 30 60 38
89 94 2 3
14 17 5 46
39 88 72 25
68 94 75 21
73 79 14 7
25 52 24 2
60 94 50 77
80 87 20 27
14 77 16 74
43 85 85 88
54 95 87 92
44 94 0 65
47 86 47 49
34 90 40 25
35 78 17 50
31 84 72 41
15 55 52 49
7 75 44 87
35 57 51 38
64 94 57 10
59 72 18 23
81 88 17 59
25 77 48 18
32 46 40 45
34 82 7 43
28 83 76 27
45 67 73 83
23 26 3 24
46 53 92 82
45 92 27 61
6 41 46 69
5 93 15 62
27 56 87 64
59 73 83 91
52 58 62 91
54 61 8 94
28 47 90 61
60 85 18 1
75 76 45 37
29 67 9 10
7 63 58 67
61 74 87 1
25 27 22 24
27 92 79 8
21 90 7 70
51 67 8 92
19 63 41 72
9 70 22 18
6 18 86 39
38 72 18 49
15 65 44 14
50 93 72 51
26 91 77 44
29 63 42 18
25 60 57 66
3 63 70 59
50 68 64 51
7 95 42 35
5 84 72 30
7 33 33 2
48 63 12 70
63 67 69 35
3 31 28 25
16 37 89 75
30 84 84 20
17 62 48 28
7 69 86 29
54 85 60 83
35 66 83 11
7 89 85 16
66 94 0 94
24 30 85 25
38 88 38 32
29 53 26 1
25 87 13 93
13 64 1 27
7 14 90 32
87 91 36 30
16 41 82 5
20 73 76 24
41 81 48 81
57 61 91 62
29 93 49 24
27 84 20 47
52 59 38 7
12 43 3 33
21 34 88 21
17 54 32 86
50 62 36 70
78 94 19 21
52 61 78 37
9 50 29 3
37 47 11 19
35 94 8 66
2 8 24 88
36 55 1 51
26 34 92 4
18 68 79 51
79 85 2 66
21 91 52 74
58 89 52 78
72 79 11 87
63 87 39 27
16 48 78 28
25 30 22 59
35 36 27 87
40 83 9 2
6 68 28 0
61 67 21 59
2 17 46 16
4 87 90 79
12 94 8 14
15 69 30 87
20 71 30 67
19 80 5 12
27 86 9 77
78 93 7 87
25 51 50 29
19 88 48 53
60 76 8 75
29 69 56 83
45 52 44 42
36 91 34 46
12 57 65 65
10 71 16 78
35 92 85 67
9 83 91 2
14 37 93 36
37 93 39 31
81 93 67 15
34 57 26 3
28 74 21 31
13 33 83 17
9 30 84 36
12 55 35 89
73 89 47 36
9 32 35 42
37 67 90 37
9 66 91 24
43 92 64 65
2 86 78 73
90 91 30 73
18 32 89 73
61 75 76 32
38 76 57 16
22 66 86 42
30 88 67 57
12 22 60 92
26 35 76 79
73 84 17 67
15 46 55 5
17 55 40 67
47 79 8 95
8 39 7 43
22 56 39 43
37 49 82 13
30 44 24 45
48 95 92 81
22 69 79 23
40 84 24 94
15 92 38 29
44 74 72 83
49 74 28 57
10 22 56 86
10 68 76 39
9 11 73 25
81 83 24 6
17 78 77 57
51 69 68 58
3 24 60 34
5 68 72 38
32 68 21 41
1 37 15 20
52 80 3 47
63 95 4 55
69 77 23 62
18 66 47 47
5 43 41 9
65 87 68 2
13 57 43 10
25 55 83 4
58 93 30 41
58 80 71 41
46 72 4 47
5 30 37 56
68 88 79 24
52 62 2 9
19 59 85 28
32 47 53 67
7 12 31 10
2 27 62 3
28 59 86 32
40 69 59 64
24 25 13 33
62 67 32 63
5 46 58 43
39 95 55 39
30 69 38 27
20 24 9 35
8 74 84 59
9 15 6 18
20 59 64 73
51 68 3 57
47 77 40 57
4 28 49 16
40 93 8 7
1 5 45 51
73 85 11 41
54 94 30 47
47 60 49 26
17 46 72 19
43 54 38 6
7 66 95 0
21 80 78 10
61 77 85 36
29 31 33 93
5 55 69 79
39 80 28 67
4 59 59 31
88 91 92 60
43 69 48 39
45 59 35 49
34 53 63 59
7 27 34 77
67 90 65 28
18 43 72 73
13 24 69 1
15 32 0 65
5 47 15 57
27 80 66 51
1 31 78 73
8 54 10 87
29 72 51 32
3 41 16 57
49 50 54 57
9 51 58 19
25 91 6 2
14 31 7 83
66 76 9 74
19 68 95 67
54 93 25 37
13 48 42 61
24 76 29 57
18 92 62 27
19 28 2 71
17 90 94 67
47 85 69 82
47 76 33 38
28 34 7 17
5 9 55 18
13 79 35 32
66 74 69 47
7 84 0 60
12 38 29 58
43 90 27 5
4 39 54 44
31 78 17 45
68 74 14 17
57 76 29 11
50 78 89 18
76 79 95 53
17 87 31 46
27 68 51 77
34 38 92 68
17 50 5 38
4 27 12 64
24 63 56 42
49 81 64 69
25 71 37 73
10 65 67 13
7 83 5 24
25 69 46 90
59 64 18 88
31 32 69 91
28 73 37 43
38 81 51 32
40 65 67 43
82 91 46 3
50 54 39 76
9 31 75 71
40 71 20 11
11 61 13 33
66 92 23 87
19 35 54 24
8 47 12 32
14 91 21 77
27 60 14 2
14 18 93 68
10 20 82 13
16 50 55 19
6 27 1 9
9 71 32 73
61 70 80 59
28 37 41 50
2 79 94 93
51 72 21 21
15 27 34 44
5 48 25 41
26 50 82 18
72 74 70 93
51 61 51 38
26 47 83 52
5 26 56 59
15 80 79 25
15 20 69 92
16 32 13 74
86 92 94 63
69 91 2 17
51 86 33 65
26 42 8 63
1 86 30 6
48 84 41 94
32 71 85 18
87 95 85 78
48 51 95 71
14 50 62 63
9 84 46 41
33 47 2 78
54 90 5 3
3 42 48 14
8 68 0 54
13 53 3 30
30 36 34 65
6 59 76 75
53 69 86 5
27 43 20 10
23 57 42 12
13 43 3 50
1 19 27 32
12 13 16 6
45 51 40 48
34 37 31 4
1 65 71 50
12 26 76 2
1 39 54 28
46 81 68 52
59 60 29 28
2 36 89 21
49 55 57 72
1 90 65 68
1 88 62 93
18 85 81 10
2 62 92 3
48 90 92 36
42 53 87 94
71 90 81 93
19 67 71 83
17 92 34 68
1 46 52 88
83 88 67 69
52 65 74 73
34 91 34 65
6 9 85 59
41 95 11 58
3 82 41 58
3 70 45 94
67 77 78 37
15 67 9 47
17 20 36 92
13 42 54 22
10 13 70 65
10 59 39 36
18 40 19 12
12 46 52 17
85 93 3 45
72 78 50 31
86 93 94 26
16 76 93 3
17 60 95 4
5 52 73 71
3 29 16 12
9 58 29 78
4 24 19 80
13 31 34 92
30 89 8 49
26 29 27 13
39 70 25 24
22 43 34 42
70 94 42 17
43 74 29 86
29 73 29 65
59 87 55 2
31 43 34 60
30 33 27 21
64 79 32 17
48 79 10 92
11 67 5 91
43 49 87 63
16 64 22 76
27 69 93 93
10 21 58 26
40 78 59 46
27 48 70 57
47 83 40 43
42 93 84 20
57 77 28 84
15 17 52 33
25 80 56 52
39 62 12 36
44 73 93 46
20 36 51 52
17 69 50 69
16 94 26 51
30 61 37 81
75 93 85 67
68 70 10 11
37 92 15 16
10 24 26 29
10 34 52 27
31 94 43 88
6 47 43 37
4 65 28 10
29 78 16 46
73 81 60 75
65 75 47 6
33 82 17 59
56 74 34 3
73 75 53 52
20 28 5 65
32 58 10 77
64 81 84 24
24 51 64 22
22 65 62 41
79 89 75 70
32 78 47 63
41 61 39 2
8 89 3 81
1 15 76 52
39 40 21 13
18 59 35 52
5 8 47 74
12 83 48 95
55 92 5 29
2 82 3 16
15 95 66 36
60 87 65 43
21 54 23 75
22 68 80 59
5 88 39 7
16 63 64 17
68 78 2 61
38 44 70 75
34 72 7 57
10 77 7 36
48 58 69 69
90 94 13 41
25 81 54 51
41 45 30 60
20 39 33 34
22 90 40 41
15 57 68 8
18 33 60 34
1 82 18 80
28 31 20 17
51 84 81 20
43 68 90 43
59 67 65 67
4 9 95 23
54 69 13 57
88 90 57 10
23 35 86 44
32 67 89 84
21 70 71 91
21 47 73 74
39 91 48 45
66 75 2 24
48 67 93 43
66 85 70 55
14 56 71 74
79 82 75 67
26 58 54 60
14 51 26 95
22 62 62 86
2 51 80 22
53 63 83 13
67 95 23 75
19 39 37 10
43 87 5 11
37 86 48 27
48 88 58 79
17 40 17 10
3 48 8 45
19 58 45 74
4 45 30 90
47 92 72 20
8 13 73 43
41 71 65 86
29 59 61 4
16 47 29 60
19 92 39 49
3 32 87 57
13 41 6 81
23 38 12 95
27 50 3 49
79 81 53 58
34 45 21 72
61 79 90 93
9 38 50 32
31 86 93 84
76 88 33 49
36 81 33 40
3 12 25 36
33 81 57 80
8 78 83 1
67 69 8 59
32 86 24 39
18 63 85 86
7 21 68 92
55 59 3 92
39 85 5 74
21 81 10 43
68 83 47 15
14 73 79 59
20 27 36 16
6 77 59 25
44 50 64 95
13 83 5 20
9 53 82 70
56 62 0 25
15 63 64 21
40 55 26 62
50 58 83 83
5 60 74 56
64 92 24 29
44 55 11 70
18 86 10 18
24 45 46 93
8 63 43 35
60 81 4 78
69 94 4 38
18 55 5 54
15 60 75 39
21 33 8 59
9 77 28 24
59 68 45 4
70 85 15 67
1 12 91 84
26 85 46 43
3 84 64 11
71 91 58 94
65 73 56 89
74 80 54 15
43 71 73 12
90 95 11 33
49 57 84 35
18 29 33 70
13 69 8 29
25 75 37 56
56 82 59 83
57 91 45 8
10 60 72 53
25 26 70 12
36 52 0 13
56 71 22 79
3 55 19 0
34 49 76 4
12 42 70 33
31 66 31 74
38 79 17 0
9 26 27 88
58 79 83 80
47 58 29 79
1 78 68 34
31 68 19 30
26 80 19 88
25 53 12 85
58 73 66 4
26 74 70 33
56 85 78 50
1 11 30 27
6 21 85 10
25 38 2 69
28 61 59 67
74 83 11 49
34 77 65 76
21 65 47 43
1 68 8 6
6 56 83 26
63 78 39 61
31 90 31 0
21 29 25 50
5 70 53 88
34 94 81 4
77 82 74 53
1 10 17 31
27 39 48 38
25 62 91 75
24 50 52 86
37 46 93 65
6 94 44 75
70 92 91 25
15 90 28 94
26 57 73 71
43 81 35 81
67 91 3 38
65 72 0 49
5 25 25 90
80 94 46 47
20 91 79 73
14 40 49 2
46 83 64 94
44 61 12 67
32 54 7 9
17 34 93 37
58 61 78 42
56 95 33 53
12 39 90 7
9 91 63 13
22 88 52 34
32 34 90 36
12 60 17 50
10 14 61 68
4 40 52 91
31 45 50 80
48 55 31 20
23 49 27 76
36 50 2 33
28 52 65 62
1 17 56 10
3 5 14 60
15 68 77 4
50 52 14 74
3 46 70 89
16 39 23 38
38 87 68 28
30 51 17 66
46 58 36 68
2 81 29 18
37 66 3 52
39 64 68 45
18 42 46 15
23 67 24 21
37 48 46 47
27 64 49 83
17 71 62 79
30 47 49 11
35 72 10 10
10 63 62 32
14 58 41 3
4 46 78 90
17 38 71 20
85 90 88 81
33 48 3 39
6 35 94 93
28 65 94 54
32 95 22 63
8 9 28 78
24 72 39 87
23 74 67 24
12 33 49 76
11 26 26 61
4 21 24 1
30 34 56 79
73 93 77 85
22 46 77 65
16 69 76 16
11 94 28 59
27 89 95 33
50 82 93 86
70 83 7 75
49 75 23 55
54 58 84 85
19 30 4 22
38 73 94 15
7 85 0 64
60 89 66 61
25 64 79 48
53 76 49 44
73 92 1 48
14 82 86 49
31 67 9 72
10 50 64 78
51 78 43 53
47 87 83 32
42 72 50 92
46 79 58 53
52 94 3 77
37 40 88 47
7 77 63 50
45 93 28 29
26 28 7 38
60 70 42 38
28 89 21 68
13 27 20 22
50 69 21 26
7 79 20 47
71 83 47 90
33 50 13 7
35 87 94 22
66 71 34 56
67 86 80 41
14 22 62 8
18 37 10 37
24 53 82 10
15 39 60 93
28 68 26 82
63 73 10 12
22 37 55 19
64 93 84 1
40 73 85 64
32 55 43 68
59 63 85 69
73 77 89 34
61 93 62 68
44 87 40 8
5 59 25 49
70 77 12 67
7 52 63 60
37 91 8 29
64 65 60 66
16 81 58 17
14 64 89 65
8 45 75 60
40 53 19 29
33 84 23 23
30 77 39 36
31 54 23 95
68 90 72 24
7 71 13 93
80 83 49 84
43 84 84 47
24 28 2 47
67 85 29 56
32 74 85 44
22 82 29 57
49 70 43 10
53 77 58 3
58 81 58 23
7 49 75 83
52 85 38 7
43 91 68 65
42 47 93 43
23 30 12 92
21 71 82 80
23 81 56 21
67 71 74 34
40 45 35 63
26 83 87 3
29 37 71 52
11 65 3 21
7 18 20 58
23 86 79 32
21 49 9 23
36 45 13 44
17 35 66 12
59 93 31 73
9 43 66 24
4 95 32 79
12 73 30 61
8 81 83 54
51 87 26 9
64 83 63 53
14 34 63 47
1 32 93 89
16 44 46 60
38 53 33 79
64 95 19 4
70 73 66 65
33 59 8 5
14 26 31 72
41 90 8 67
61 65 75 59
4 17 82 5
51 75 17 9
32 41 12 48
54 84 29 36
25 31 1 4
19 83 74 71
44 82 83 45
14 80 34 94
18 45 17 88
8 82 47 71
62 65 95 58
37 89 25 81
8 38 22 37
63 70 51 73
33 34 92 9
57 89 86 65
32 51 34 1
52 54 84 6
65 80 39 7
55 77 28 20
12 44 50 44
38 51 48 36
11 92 4 66
38 43 88 23
10 92 93 3
14 86 10 50
24 41 87 39
34 40 24 24
27 57 5 44
30 80 29 58
23 42 28 85
25 70 18 95
27 75 83 77
8 37 21 59
45 69 66 85
50 86 48 24
4 94 25 3
39 89 12 47
25 54 25 0
71 88 13 73
24 42 78 29
48 75 6 85
68 95 12 77
12 15 47 10
25 39 29 73
34 71 55 14
62 86 19 23
29 90 12 13
47 75 33 8
30 83 26 56
4 89 7 41
6 95 43 68
49 92 58 19
1 63 35 7
3 79 51 89
31 72 69 80
80 91 45 55
89 93 86 70
46 92 3 8
8 19 20 17
29 50 6 45
6 93 53 51
10 79 11 46
25 92 50 26
82 83 51 0
34 47 58 10
8 92 31 65
72 92 53 76
2 83 68 27
61 63 89 95
81 86 13 71
48 62 0 18
5 74 83 69
24 86 45 81
30 48 8 19
34 48 55 50
37 62 69 13
8 79 79 79
52 82 78 17
48 57 33 29
22 36 86 95
31 44 29 23
65 86 25 63
50 51 0 60
8 53 61 38
71 73 89 49
78 95 22 27
12 82 64 56
59 74 72 55
21 63 7 89
22 76 61 1
16 67 15 48
41 59 35 13
49 64 86 21
12 86 76 9
64 70 89 30
62 64 13 95
15 62 51 65
32 66 39 80
34 52 4 24
1 3 24 88
10 28 77 55
43 58 33 19
41 69 93 44
17 57 14 34
33 38 50 59
44 46 74 43
88 89 94 10
20 48 66 18
7 93 55 15
44 62 13 91
15 41 20 74
11 31 10 52
55 62 86 62
28 80 84 73
23 80 30 83
72 93 29 6
29 81 6 66
40 61 88 27
29 39 90 42
58 95 29 53
6 61 6 37
10 25 45 72
32 80 54 28
4 68 26 84
37 77 89 38
16 79 9 15
4 67 94 71
20 56 69 48
24 71 55 33
36 60 6 1
8 86 29 32
14 45 75 5
1 34 16 12
62 71 13 69
66 89 36 47
55 95 28 79
25 56 87 12
2 26 17 42
13 77 74 4
6 19 60 72
25 28 48 20
3 28 74 29
84 91 78 30
4 54 20 47
17 28 66 3
6 84 28 8
31 38 21 67
7 86 52 58
22 54 74 58
17 75 47 40
16 88 24 74
57 85 29 94
45 72 39 84
14 39 0 9
54 67 34 19
47 57 46 60
34 36 81 1
16 49 94 17
7 45 54 79
10 23 63 45
21 67 46 50
22 34 1 57
66 87 71 66
11 18 65 95
28 72 54 45
59 85 42 30
4 18 49 88
3 54 37 40
11 77 42 50
64 84 14 40
19 87 82 37
23 89 3 31
31 42 46 59
1 29 27 51
45 76 83 79
27 70 18 66
4 64 58 94
10 83 44 56
10 89 10 88
2 29 59 76
5 57 8 0
26 49 43 15
11 33 48 19
7 44 83 28
46 56 57 52
42 59 62 27
31 65 32 48
11 54 8 45
4 20 79 80
21 26 63 20
80 88 56 1
3 90 6 58
21 64 10 82
80 92 3 14
16 55 64 61
56 83 49 20
3 13 33 45
17 44 43 63
75 77 61 25
47 59 0 90
52 53 3 56
36 88 40 23
90 93 12 52
26 62 19 76
18 56 41 91
19 24 8 79
32 59 4 38
16 80 63 59
47 65 48 73
62 94 57 89
64 80 18 59
26 76 0 3
28 92 30 11
53 60 61 58
64 74 49 75
15 29 91 25
40 94 13 20
25 88 31 91
5 62 15 87
80 93 36 1
63 89 11 8
1 18 23 59
5 31 62 88
80 86 62 10
56 89 64 89
1 74 88 40
17 88 20 68
1 2 23 35
37 54 89 23
68 76 51 59
47 82 12 64
9 92 71 67
31 58 78 61
6 89 59 51
35 81 3 88
25 86 13 79
72 88 25 30
42 81 62 49
22 33 82 62
60 64 52 43
50 94 94 37
44 63 40 31
67 73 15 65
17 68 33 25
34 93 44 41
51 65 71 69
33 68 55 78
4 13 72 23
35 59 15 45
31 56 30 93
6 80 82 70
49 79 23 82
17 22 29 87
85 88 1 46
4 30 12 82
10 64 56 62
26 70 79 19
79 91 89 34
58 65 50 62
52 84 13 1
22 41 90 33
12 32 28 29
66 81 0 40
70 79 10 26
18 95 83 92
24 49 35 13
25 72 51 82
15 42 93 48
46 90 3 91
35 79 53 88
16 59 19 2
14 90 1 24
56 80 53 29
44 92 38 49
30 59 24 23
4 15 67 4
19 49 7 45
21 40 32 75
64 77 42 20
2 4 69 24
58 62 14 81
14 44 90 73
72 90 58 35
1 56 72 7
12 93 63 81
38 69 14 70
48 71 83 5
4 34 90 92
26 81 44 50
41 73 67 29
13 73 26 15
46 77 19 19
55 75 89 0
16 25 17 95
17 41 59 61
70 71 78 88
49 86 90 40
34 61 33 78
45 54 79 7
69 84 34 28
20 94 74 85
35 95 75 43
45 82 25 9
50 83 89 37
14 87 28 59
2 28 6 60
22 92 52 46
30 63 46 34
9 21 22 18
15 52 22 59
2 20 81 45
1 76 44 21
19 64 11 80
41 47 46 33
48 69 39 15
28 57 10 88
20 53 12 53
15 53 28 6
25 57 5 25
38 86 46 51
15 84 8 87
54 59 34 17
5 42 79 57
49 87 82 75
7 58 1 39
62 89 59 83
73 76 32 46
24 68 13 85
9 36 58 70
22 52 21 2
32 94 16 36
38 45 87 46
59 94 49 67
77 85 17 27
60 72 57 84
72 73 5 74
34 55 17 7
6 69 95 15
81 91 46 85
30 91 49 70
16 33 49 72
59 89 53 71
26 30 94 60
4 22 71 64
68 69 82 77
24 65 55 70
4 42 85 10
6 54 62 61
21 89 66 20
1 38 94 41
56 94 47 33
61 84 8 4
44 89 24 37
36 38 22 88
32 56 84 74
44 51 20 35
2 7 81 43
56 67 12 17
18 65 34 39
42 83 84 35
12 52 38 84
37 81 43 77
20 82 6 82
12 45 56 50
81 82 16 56
15 81 6 84
9 47 43 93
23 37 11 0
13 60 70 43
38 94 26 22
38 61 22 29
56 57 31 30
51 81 10 27
12 91 81 95
12 21 25 10
36 58 75 64
30 75 60 3
43 82 47 83
54 83 22 33
48 66 71 60
31 95 64 28
6 40 81 53
57 73 18 46
22 91 25 66
19 41 72 78
31 64 77 74
50 60 12 14
53 81 32 73
15 21 60 9
38 47 11 55
29 56 3 53
15 82 64 79
5 33 7 70
25 73 58 21
79 80 33 43
33 64 90 31
17 45 21 27
7 88 31 88
56 60 29 19
6 12 33 48
29 38 95 73
28 48 84 51
46 82 35 31
21 38 94 17
18 69 53 85
12 77 69 11
54 76 23 6
22 27 78 63
21 86 70 58
50 63 47 47
10 46 52 33
56 64 28 71
20 55 47 80
17 53 67 63
33 56 80 38
25 93 0 27
33 87 33 35
4 35 80 52
17 25 7 66
5 36 52 60
15 66 32 94
32 35 45 90
51 82 17 73
16 52 22 27
63 85 3 21
41 53 13 56
2 93 16 82
19 27 36 77
23 65 57 65
71 77 19 69
9 16 52 92
5 44 95 5
3 22 92 11
21 73 59 21
66 69 32 55
88 93 32 55
59 95 6 23
13 39 68 76
66 78 36 52
32 57 78 38
17 65 55 8
31 83 26 11
86 90 42 11
19 52 10 67
11 87 77 81
10 30 66 10
18 82 16 18
34 74 88 49
61 91 76 63
35 73 43 70
38 70 91 77
11 23 63 48
18 19 75 13
12 88 78 40
36 69 65 7
20 85 91 36
8 26 3 86
33 62 54 69
84 85 76 76
35 86 11 39
50 57 28 6
62 92 79 44
23 34 33 5
3 37 39 21
77 93 9 8
16 26 22 7
2 19 74 55
41 56 88 58
17 37 84 30
26 71 80 86
61 87 63 84
3 67 70 88
58 88 69 19
44 78 45 85
2 47 32 17
15 22 56 0
69 75 41 18
6 75 47 71
35 65 61 83
44 95 4 59
16 53 61 35
25 29 44 31
33 88 26 2
6 87 75 42
24 47 19 55
34 79 11 16
32 70 48 43
54 91 91 87
32 75 91 46
30 82 34 75
43 83 60 13
50 70 19 21
51 59 20 58
7 28 58 54
40 49 73 19
38 82 62 95
25 35 43 12
64 91 8 33
10 72 40 68
3 27 32 47
65 85 40 40
14 55 25 75
66 67 79 43
47 73 80 13
7 51 63 74
45 94 42 63
16 31 58 63
16 34 20 12
63 77 17 22
28 44 91 28
19 37 56 3
5 92 35 65
51 83 59 56
54 55 8 76
15 24 29 95
26 63 54 60
40 52 7 84
64 76 7 13
56 61 66 22
10 75 16 19
21 41 17 73
58 86 91 12
18 54 17 66
15 48 44 60
6 22 42 38
28 32 44 73
48 91 1 24
5 61 26 44
5 51 40 71
10 80 93 92
8 58 93 14
71 85 93 52
58 84 25 72
9 42 23 55
30 73 82 85
15 59 52 40
6 26 33 54
14 89 87 90
71 87 28 36
30 39 34 4
34 89 68 67
10 73 60 46
4 6 68 66
75 87 56 36
17 18 78 77
4 56 78 78
10 35 24 58
42 91 59 68
29 62 9 77
49 51 94 76
11 75 23 92
1 43 78 29
26 79 72 74
31 59 73 27
8 67 93 79
12 90 1 84
34 73 80 87
6 42 41 68
34 66 24 92
37 72 52 64
57 82 49 26
7 20 60 58
2 3 75 0
10 67 48 89
11 45 52 33
25 66 9 10
34 64 32 22
23 25 89 13
4 75 25 49
54 81 11 16
33 41 2 92
2 91 38 45
41 42 75 31
54 77 52 26
34 68 38 54
25 41 93 42
44 57 48 86
33 54 60 63
57 75 55 14
7 64 88 86
37 75 52 84
15 33 29 70
54 60 86 63
46 63 78 19
35 88 86 77
6 37 68 95
36 47 53 70
2 94 94 95
18 22 5 70
29 58 14 82
76 81 91 28
62 72 82 87
10 74 26 38
11 60 68 67
23 85 27 29
1 41 46 81
4 12 70 30
27 47 40 68
53 57 5 63
39 77 59 27
5 69 72 35
18 87 78 35
24 75 3 32
35 74 92 21
2 12 18 69
37 85 90 6
16 29 81 39
47 78 6 53
76 82 80 45
35 49 51 32
1 47 80 72
30 94 7 43
34 35 38 63
17 26 2 30
44 59 17 78
12 49 24 52
55 58 20 46
9 61 47 41
55 64 10 56
28 39 75 9
3 21 62 20
74 92 87 20
18 23 60 63
77 95 95 54
33 75 25 52
37 52 91 37
8 94 36 21
25 40 57 54
38 49 9 8
10 53 29 74
24 70 66 49
8 83 54 8
2 49 17 41
25 76 92 73
3 69 55 3
8 21 47 50
34 67 93 25
20 21 69 39
5 56 1 45
75 80 17 12
55 80 40 63
67 78 25 27
1 54 7 28
16 62 52 56
58 92 38 6
53 91 24 76
42 94 33 59
40 88 55 57
5 67 15 22
79 93 94 52
33 52 26 42
49 66 41 51
45 58 40 34
59 75 76 94
46 69 93 60
28 29 28 75
38 58 59 36
43 57 32 88
10 38 80 39
39 45 15 2
23 77 78 66
7 39 36 70
60 83 85 10
30 64 35 18
11 47 53 77
62 93 80 72
68 77 22 66
19 75 63 58
36 40 22 5
29 51 90 27
12 87 56 2
82 95 19 58
18 58 85 83
37 41 85 79
6 11 22 61
31 35 51 29
34 42 52 70
23 71 61 49
4 58 61 33
47 90 35 95
39 49 21 73
20 44 53 77
6 92 15 83
2 58 29 13
17 95 11 63
57 65 73 37
32 77 43 32
2 75 30 89
50 79 51 48
37 57 5 4
30 95 60 90
64 71 51 61
38 41 73 44
40 75 18 45
33 83 18 92
7 61 23 67
63 65 34 30
32 82 81 70
25 85 47 35
19 60 26 4
41 52 70 16
10 91 23 5
36 74 46 37
32 87 78 78
38 75 17 46
49 76 15 71
48 54 14 1
57 86 57 24
23 64 52 56
41 79 36 28
47 54 72 77
63 92 80 55
11 27 62 76
22 71 20 71
60 69 68 4
47 52 63 2
57 64 84 23
13 61 28 46
14 53 90 25
22 75 43 81
69 70 33 22
4 37 26 44
2 55 12 65
37 38 69 84
21 28 51 92
34 75 16 8
31 62 60 59
46 66 68 44
17 51 42 36
46 57 81 77
67 68 89 90
35 37 20 55
2 57 26 39
46 64 58 31
3 50 36 76
26 73 47 64
54 78 25 24
5 95 46 87
3 23 2 43
83 84 53 68
7 30 57 56
84 95 13 94
7 38 58 76
57 59 59 79
61 85 72 88
43 72 33 46
23 79 41 4
37 78 62 75
65 81 44 30
21 24 43 92
23 50 24 85
71 80 62 41
31 53 48 36
18 71 22 77
29 79 59 31
11 66 62 74
18 88 75 77
32 33 20 48
55 79 21 2
22 80 63 64
10 69 80 88
15 45 66 44
17 86 62 20
16 18 6 16
39 72 69 34
8 95 61 20
23 84 79 55
11 73 78 91
14 66 4 95
43 79 49 11
2 18 32 11
70 76 31 93
84 87 34 53
6 88 9 44
45 77 30 65
3 35 14 24
67 87 47 87
15 79 54 90
11 40 78 11
78 86 56 86
9 17 45 33
67 79 67 18
45 50 42 19
4 73 14 94
4 8 48 33
48 65 19 95
8 65 36 87
30 71 44 83
7 94 41 2
35 40 54 24
16 17 55 78
47 91 74 49
15 37 86 75
6 85 26 42
9 37 67 53
10 17 48 84
36 63 1 41
16 54 93 24
22 85 42 26
10 52 30 26
37 87 57 41
8 84 49 44
