100
70 99 70 35
34 63 33 79
2 61 67 66
17 44 92 95
28 88 47 6
3 5 46 43
8 12 21 56
9 97 2 86
64 80 31 52
15 86 97 54
26 67 17 55
1 58 45 11
5 14 22 74
5 49 13 65
24 37 34 72
10 28 69 69
11 18 13 63
46 96 23 18
75 90 90 54
32 59 16 52
63 100 92 91
25 42 12 36
1 69 72 50
6 25 16 83
20 22 39 14
46 72 96 17
38 82 60 29
12 79 68 97
62 79 23 9
47 55 30 74
31 83 100 72
11 32 86 80
76 95 65 60
39 67 30 16
35 53 11 52
21 63 25 77
11 65 29 39
64 66 89 79
12 15 16 52
36 93 70 86
36 49 99 99
28 46 83 90
61 73 44 18
84 100 55 63
87 91 32 71
40 74 77 36
4 9 54 78
4 13 2 16
16 45 26 82
28 98 23 1
15 90 78 29
15 25 32 35
55 73 43 78
51 57 6 21
56 67 38 38
1 24 27 22
26 82 35 70
21 44 27 64
84 95 25 17
20 94 37 81
81 93 69 28
58 74 15 14
12 49 84 20
8 46 49 57
65 80 9 21
90 93 91 80
10 78 54 82
60 90 26 3
43 77 74 70
22 25 85 65
28 29 5 26
6 46 20 39
45 80 45 29
49 97 98 12
70 96 85 45
25 47 79 0
6 51 6 66
6 14 37 58
94 99 36 89
7 52 47 8
29 92 56 55
27 56 49 25
18 55 18 92
27 96 19 54
5 64 2 23
1 34 70 11
83 87 25 40
76 92 53 83
55 94 16 41
50 68 6 98
24 48 75 41
23 81 34 30
47 62 95 91
85 89 16 61
17 50 78 54
5 83 65 4
12 50 13 83
34 91 0 26
76 87 58 94
20 25 88 75
46 70 72 51
11 52 22 17
58 93 89 55
51 59 18 55
24 64 33 82
24 43 23 37
53 62 90 45
35 50 41 64
66 85 11 98
63 72 60 27
27 86 56 49
62 87 88 82
47 71 95 59
36 64 87 23
15 39 65 71
39 42 99 24
50 51 6 74
31 77 83 93
33 93 94 17
70 97 84 0
1 63 41 51
64 98 2 51
5 70 23 56
54 63 54 11
33 83 66 99
15 80 40 87
26 72 16 94
74 89 74 63
15 87 27 10
66 84 94 73
6 60 91 72
15 94 93 43
29 61 44 54
6 87 24 71
2 68 17 17
4 96 96 82
20 79 100 30
12 70 36 44
50 93 7 86
2 91 49 10
49 81 71 67
2 70 26 13
47 77 52 42
30 53 89 19
34 36 73 73
17 72 58 43
17 94 25 18
54 60 14 78
56 60 12 81
51 90 37 26
46 97 7 49
22 23 42 53
61 75 97 69
4 95 3 98
1 54 35 23
9 62 84 82
71 84 14 86
12 51 74 66
71 96 37 5
11 87 71 48
36 71 94 0
26 100 1 95
12 24 10 9
49 95 0 38
5 48 25 71
7 32 94 21
18 27 22 96
6 99 38 7
4 22 68 65
40 62 73 9
38 65 29 87
75 85 42 81
15 22 48 76
32 80 83 44
26 63 61 25
25 66 40 26
42 50 3 89
3 72 3 30
14 30 47 85
68 85 5 96
36 85 38 91
1 13 15 1
34 70 6 30
27 40 75 90
54 96 33 78
3 26 27 0
9 14 42 31
44 65 28 63
48 86 17 71
9 24 2 16
64 73 58 27
16 56 88 79
48 96 74 92
12 74 32 11
48 49 20 65
16 88 92 95
6 44 70 22
47 92 53 38
60 79 54 91
61 94 52 96
55 97 91 22
64 93 15 97
44 77 87 66
37 56 23 1
82 88 48 87
55 89 15 10
41 100 7 14
9 54 12 1
2 74 94 9
62 92 83 7
87 97 61 11
41 84 34 63
25 74 92 6
83 90 1 4
20 34 95 91
31 54 16 68
73 93 94 0
50 82 14 45
13 86 71 16
74 77 73 56
68 84 58 75
15 60 74 96
68 75 90 84
17 19 18 30
49 84 85 6
30 89 15 41
21 90 43 26
3 43 13 79
5 79 55 85
35 48 63 44
54 82 0 44
83 91 19 45
12 26 31 15
53 59 49 78
41 83 45 64
39 96 52 32
43 47 41 22
29 60 58 43
2 66 24 59
49 55 66 25
48 69 68 50
8 91 44 44
21 50 67 96
49 68 27 42
21 38 43 15
21 65 85 22
29 44 20 55
11 61 23 10
5 13 50 26
83 99 17 42
92 97 41 68
55 91 77 46
31 60 93 94
33 97 37 84
20 71 41 54
2 37 89 39
27 75 82 23
16 52 99 91
68 93 97 0
24 78 75 97
50 84 91 91
20 23 24 12
3 69 58 19
71 93 55 8
25 92 15 6
16 86 40 29
38 54 53 39
10 84 3 50
40 50 96 28
1 62 93 74
21 24 57 34
14 84 92 61
85 98 18 47
72 77 49 26
19 65 5 35
26 79 8 51
37 91 2 62
45 47 40 6
6 12 88 14
11 48 0 32
39 88 12 30
4 20 25 32
60 65 79 66
35 98 61 29
59 62 79 31
85 86 57 3
18 72 92 92
30 77 31 59
63 65 40 38
30 87 8 71
24 57 19 36
8 50 24 11
56 100 25 68
8 25 42 32
64 94 21 21
84 89 94 99
31 37 1 55
43 49 30 33
58 62 79 95
20 46 55 12
46 78 3 98
22 93 44 78
41 50 27 75
20 85 51 94
6 62 94 42
66 67 67 29
49 98 70 96
47 59 64 69
10 64 49 14
10 15 23 47
65 94 81 84
21 25 36 23
21 56 99 90
30 70 8 22
5 91 46 14
14 25 15 59
51 97 26 91
39 73 65 6
37 61 100 62
47 61 99 30
9 88 78 28
7 9 86 77
35 96 29 62
4 48 45 59
26 52 60 23
31 42 84 85
40 70 45 96
40 94 73 18
5 67 40 58
18 42 8 0
2 59 11 26
41 55 59 37
33 51 45 88
22 69 61 77
3 64 93 0
56 82 4 56
10 96 58 99
7 14 34 43
21 98 38 33
37 42 68 64
73 83 60 24
62 100 27 67
50 98 53 76
58 100 23 14
2 79 32 10
55 78 9 59
54 72 62 0
33 63 48 80
61 74 23 7
4 60 65 29
51 84 57 74
27 43 75 98
15 68 88 11
39 57 48 64
9 85 40 58
1 26 19 69
70 78 14 75
83 97 27 53
4 83 83 62
9 38 97 79
1 9 91 57
19 67 93 7
18 65 47 45
49 59 72 30
78 91 45 100
13 37 12 75
5 75 63 67
7 15 11 20
14 98 61 95
41 70 18 35
20 52 10 0
60 67 32 68
20 66 66 10
82 98 86 53
4 8 53 89
11 29 51 1
21 68 76 11
18 75 61 12
1 70 53 64
53 65 91 61
17 41 0 60
14 59 55 21
22 82 85 16
3 68 8 8
33 80 100 2
9 52 62 0
28 99 57 6
11 85 7 74
30 31 84 69
55 79 81 30
47 52 37 64
2 53 17 17
70 72 93 52
39 62 13 79
39 91 87 1
31 89 71 17
2 94 50 55
22 59 91 64
27 72 39 55
90 97 82 27
47 64 18 40
4 26 71 32
45 69 41 29
19 37 26 96
36 57 51 8
4 85 12 49
54 73 39 8
60 97 4 1
71 97 39 97
9 20 90 23
8 87 13 67
2 65 17 30
59 98 79 27
12 77 13 35
37 97 77 72
68 72 5 80
26 99 97 72
9 53 70 42
62 70 25 81
9 68 15 37
36 87 8 2
44 71 66 60
15 17 55 16
33 42 23 34
3 48 91 53
22 62 6 37
71 79 5 78
33 85 9 10
75 86 90 30
70 83 90 76
20 87 46 24
71 83 55 64
35 47 26 29
8 40 12 58
6 73 52 6
36 98 33 46
38 69 88 87
46 77 70 31
15 72 96 44
61 95 84 45
80 92 34 93
35 62 16 58
2 16 16 28
63 64 36 58
50 79 54 83
22 92 51 25
28 40 69 29
26 45 70 75
16 17 34 21
78 97 10 98
44 88 96 90
22 41 16 29
57 59 65 48
57 89 40 95
17 39 49 83
7 65 38 1
34 64 55 50
40 64 7 45
2 76 65 4
29 41 43 8
58 88 89 9
59 65 77 77
35 65 96 11
53 77 82 35
12 27 6 11
55 58 22 30
27 33 49 17
24 100 48 82
14 42 22 71
19 79 45 79
24 73 85 14
47 60 14 58
5 35 81 24
37 85 30 51
14 72 3 50
80 99 74 99
1 48 85 91
10 23 9 18
51 61 37 4
60 63 44 73
76 83 76 34
23 52 65 69
56 98 3 2
20 28 48 83
47 85 68 38
23 49 45 63
2 17 46 19
5 33 74 8
43 56 49 8
57 79 15 67
9 100 84 54
28 49 64 88
17 29 77 91
42 66 49 31
4 5 96 20
52 77 84 1
14 35 80 46
16 79 0 97
51 98 6 15
31 95 78 1
56 68 52 100
39 81 81 88
52 66 16 0
57 94 84 23
37 49 16 80
15 20 62 40
25 41 52 40
34 49 94 71
36 69 33 80
31 85 12 80
8 33 96 13
67 95 82 58
1 88 86 1
34 82 27 88
55 59 59 68
98 100 72 28
79 96 89 77
46 63 22 1
76 89 46 93
4 91 72 48
78 87 14 63
27 94 71 11
5 16 65 52
40 54 66 58
28 53 89 51
7 95 47 16
52 99 55 73
48 74 66 68
12 17 21 32
4 58 86 30
2 34 22 88
73 91 16 53
3 74 76 52
52 80 71 71
32 67 19 56
52 100 84 99
7 73 90 43
16 93 41 50
47 58 5 65
20 86 68 6
10 95 93 35
53 93 63 3
44 86 97 88
64 90 24 58
29 97 95 74
42 86 32 3
12 37 77 15
45 89 25 39
22 55 34 13
31 33 60 27
44 67 21 9
63 77 63 93
12 57 93 59
46 67 64 46
14 73 41 78
14 94 64 76
5 21 17 35
5 17 80 41
97 100 60 71
5 39 40 90
10 73 69 65
78 92 14 88
29 69 34 5
4 64 24 62
14 20 33 49
56 71 16 36
18 48 50 31
1 81 32 19
7 50 31 37
35 59 6 76
42 79 43 40
14 34 65 58
26 95 58 42
25 99 40 62
36 43 17 90
38 71 78 32
36 84 76 50
43 44 16 32
48 70 43 19
20 83 100 59
43 53 3 55
47 56 49 78
77 99 60 34
19 34 55 37
45 81 29 25
37 90 15 78
17 49 68 61
75 76 52 67
85 91 18 81
10 90 13 89
35 58 26 97
42 64 48 35
7 74 61 54
76 100 68 41
25 75 50 69
5 63 20 80
7 39 43 21
40 45 28 43
68 70 34 81
14 54 36 98
74 76 72 47
30 78 43 32
4 7 63 97
74 99 1 7
81 84 75 51
6 37 81 28
19 100 49 96
73 85 50 93
17 100 48 79
14 86 76 10
46 88 42 13
9 15 16 83
20 54 31 25
2 67 7 20
33 94 87 89
31 48 3 39
14 21 53 14
17 24 69 18
28 69 44 20
93 100 11 25
97 99 94 62
22 95 73 34
5 29 40 72
9 76 45 14
70 95 48 9
9 27 43 42
40 60 15 3
51 70 28 50
39 52 51 1
3 59 12 32
45 52 76 26
49 53 1 39
20 62 54 84
7 100 3 36
11 24 78 43
23 61 72 60
36 41 86 38
2 55 22 72
56 59 78 53
44 56 55 70
19 51 8 87
54 86 81 79
16 30 3 75
39 77 81 9
7 44 21 90
42 59 60 80
73 95 0 59
11 79 78 17
36 46 23 50
32 64 63 13
14 66 62 37
59 86 70 80
60 98 62 43
5 11 6 44
4 90 40 92
13 59 21 36
89 96 81 36
11 90 92 70
41 87 88 19
7 37 63 70
13 73 31 8
40 63 72 16
57 81 47 92
29 36 61 70
74 95 49 91
59 77 22 47
17 98 67 2
31 55 47 94
8 80 37 93
35 38 45 76
67 82 18 13
17 93 60 84
50 78 90 51
1 100 6 29
24 61 88 59
7 22 3 49
20 91 46 97
69 99 79 25
6 54 56 57
19 31 44 24
6 33 22 46
26 70 30 97
33 37 84 14
9 90 38 83
35 43 25 96
34 96 29 59
15 35 91 41
49 71 81 85
33 61 46 79
77 98 78 46
53 80 37 71
19 92 99 18
27 41 60 80
44 81 14 87
62 67 23 45
18 23 57 48
42 96 76 79
51 73 17 45
17 86 0 8
18 60 35 86
47 81 23 63
18 74 27 77
37 89 40 3
47 53 26 67
74 78 91 82
55 61 13 90
8 94 31 81
56 99 59 0
75 91 87 58
77 88 22 99
19 93 68 99
6 38 93 72
14 76 65 54
23 39 3 4
33 35 76 70
70 76 91 2
5 60 26 95
41 69 81 40
64 85 89 72
72 97 18 7
3 82 15 81
7 20 75 41
17 74 98 6
17 54 31 79
41 91 62 80
18 45 49 83
28 67 33 43
76 82 87 10
15 89 86 95
4 68 76 83
65 91 48 18
2 21 11 84
11 70 25 80
26 28 76 97
54 56 55 81
12 86 75 12
22 28 92 31
10 45 18 54
34 72 84 80
31 40 9 20
10 93 22 70
45 75 72 62
37 99 96 87
48 84 5 37
5 38 72 59
42 93 36 57
3 91 50 22
24 51 56 14
8 68 55 94
16 55 11 9
20 95 40 65
33 98 29 88
81 82 70 70
42 81 81 84
6 80 15 5
48 54 62 57
46 100 41 0
9 43 50 28
94 97 26 11
33 90 96 4
2 42 35 60
2 8 89 27
1 32 38 26
21 52 42 64
1 76 53 50
29 58 59 37
11 13 34 7
46 69 98 98
10 57 54 80
8 47 48 69
22 35 22 15
11 15 54 5
10 62 87 8
64 86 30 34
15 55 33 22
39 87 43 91
13 98 63 83
39 85 4 18
15 70 18 7
26 91 11 55
23 66 93 66
41 94 71 91
29 30 92 0
62 89 41 51
18 83 5 98
26 51 83 86
40 77 1 91
45 67 2 100
69 94 40 25
30 100 40 7
17 96 22 52
29 98 56 56
11 44 30 33
82 89 90 93
26 60 47 86
50 72 38 25
22 40 14 43
6 24 29 80
43 55 55 85
78 88 40 41
33 41 97 49
50 56 52 32
7 61 98 44
80 85 27 77
19 70 27 37
39 48 52 65
21 55 55 28
8 48 25 68
50 58 18 46
17 64 66 78
41 66 95 16
46 54 25 60
40 88 77 38
2 5 89 54
47 94 51 45
23 93 20 74
3 83 61 60
13 91 93 79
68 78 76 17
20 84 17 25
24 58 70 100
28 60 26 28
11 89 3 30
23 44 91 50
23 64 60 7
58 81 62 7
31 43 39 72
2 14 43 12
34 53 17 38
21 66 61 21
33 46 85 23
17 22 58 97
25 58 0 49
60 92 32 23
22 73 66 65
22 31 69 98
72 96 100 78
74 82 38 32
31 57 97 85
85 95 18 88
36 92 64 63
40 82 66 75
27 49 86 0
40 97 67 5
12 46 33 56
15 71 38 7
95 98 6 18
12 90 20 4
23 100 10 69
54 65 60 12
13 40 13 75
35 79 49 16
16 81 83 91
48 55 39 13
67 76 63 83
37 94 72 72
9 13 67 49
1 82 94 7
15 21 98 65
37 72 82 60
7 12 88 92
42 49 96 6
14 23 100 1
35 85 67 35
8 15 37 85
21 93 54 30
33 64 2 40
38 57 27 82
79 85 48 62
69 98 8 38
48 51 24 41
2 56 72 75
27 67 7 19
4 49 13 4
60 99 43 34
30 42 87 51
34 44 42 75
13 39 22 13
14 65 91 14
75 89 2 88
56 88 30 38
35 86 72 36
28 44 27 73
3 40 80 25
25 29 93 8
21 81 44 33
4 18 56 20
13 54 80 94
71 94 58 50
14 89 100 62
37 79 90 57
5 15 28 32
80 100 37 100
33 87 1 46
44 83 95 58
48 67 68 96
40 58 46 9
41 53 18 21
63 68 41 35
14 96 43 100
59 95 4 90
16 69 95 50
4 15 74 6
8 34 9 2
20 36 91 16
12 81 87 86
27 48 92 59
5 56 70 64
24 41 37 19
19 29 24 25
25 50 79 83
34 55 40 19
3 87 10 62
4 97 49 35
93 95 86 72
15 19 37 74
8 42 33 55
2 92 83 54
44 66 47 57
18 77 93 15
72 76 38 67
15 41 43 87
42 99 52 51
10 51 62 82
58 97 62 95
1 49 26 86
42 44 88 17
23 70 18 69
11 83 30 42
37 71 26 87
13 50 42 15
4 34 32 27
53 64 3 20
16 60 87 42
8 88 41 74
1 40 72 93
37 73 28 60
51 65 47 33
25 67 8 54
14 100 18 82
56 62 65 41
40 56 4 30
9 57 11 59
28 47 96 10
35 89 21 97
59 93 61 42
9 30 19 98
44 94 2 10
65 72 26 70
10 25 81 41
66 92 69 49
52 86 6 93
9 91 28 98
44 64 4 41
50 89 66 100
73 79 47 2
37 47 98 3
56 76 79 64
75 87 64 97
6 48 39 8
48 76 61 69
78 94 6 46
3 96 21 19
12 30 44 79
51 82 46 47
56 70 80 59
28 87 38 3
63 92 94 72
10 46 26 83
15 82 90 73
66 78 0 69
47 97 97 44
33 68 34 62
30 92 5 19
31 87 91 63
71 75 33 98
18 63 100 68
8 35 58 36
22 63 17 40
32 98 12 54
78 82 26 71
48 97 29 29
64 84 96 78
57 86 74 23
9 94 89 71
20 68 59 16
79 84 99 91
21 99 66 89
2 23 7 11
4 6 60 39
21 80 5 57
19 20 74 7
20 33 61 55
50 52 64 75
88 91 50 100
48 60 33 0
30 62 3 92
78 86 15 4
67 79 49 52
26 65 27 21
19 57 68 14
47 72 8 95
10 74 86 82
11 21 89 90
13 93 4 84
31 65 94 66
63 99 78 26
26 50 18 60
69 82 46 39
9 34 87 23
11 43 33 25
56 72 5 36
37 96 62 9
6 96 84 38
39 43 93 27
16 92 27 54
5 90 15 41
63 78 9 34
38 59 12 92
48 66 29 10
10 48 22 15
77 79 76 33
18 44 26 84
39 98 32 82
45 54 36 31
32 54 93 86
65 71 57 17
41 62 82 73
2 62 59 3
64 71 4 66
43 51 3 90
24 38 88 72
11 25 23 47
32 33 50 24
32 89 92 99
19 88 79 62
67 83 1 1
14 80 48 27
30 82 6 52
57 98 25 7
9 78 16 35
16 37 88 90
49 77 80 82
17 20 5 40
1 14 88 8
76 91 80 46
3 49 43 79
14 48 93 63
81 99 94 10
12 28 38 88
63 80 43 21
19 45 58 39
7 51 46 62
10 56 21 61
54 93 14 93
14 31 59 94
20 72 49 36
40 71 29 92
3 13 13 54
16 94 5 57
59 94 47 70
9 77 16 39
16 35 47 29
22 30 56 48
80 89 59 80
69 71 76 3
75 92 65 49
56 97 74 95
17 97 65 95
6 49 44 96
27 45 51 89
34 81 34 51
1 47 30 75
32 47 74 20
38 94 88 84
17 69 56 90
25 46 12 58
76 77 28 89
82 85 49 19
78 95 45 74
37 48 29 78
36 59 91 56
8 57 78 19
26 34 93 85
52 69 58 42
52 61 73 81
53 94 33 8
48 50 38 31
41 59 87 38
11 20 6 94
79 97 26 10
6 45 64 84
45 97 59 22
45 90 45 64
8 96 36 12
18 43 65 98
31 47 37 8
36 76 9 36
49 70 42 15
1 50 63 25
26 35 61 28
12 25 2 67
68 94 16 92
40 79 47 39
1 31 30 61
35 70 20 86
38 66 16 68
28 95 11 83
25 33 84 1
65 76 2 43
3 80 66 61
69 97 76 76
38 39 1 36
40 48 64 45
34 79 97 53
9 25 22 43
26 97 44 99
27 61 33 45
30 59 38 35
81 96 11 63
42 76 75 11
8 64 14 94
18 99 1 97
15 57 8 29
13 68 57 66
29 56 53 78
2 73 76 55
49 57 60 68
69 91 24 42
15 91 61 35
42 65 82 73
2 49 26 21
2 10 68 47
56 96 7 17
59 88 96 64
25 63 73 62
21 39 77 50
35 42 41 74
7 48 68 21
55 86 87 54
7 53 92 55
11 35 74 59
13 21 11 89
11 69 20 14
29 66 77 42
30 35 72 49
38 90 6 46
57 95 69 16
31 62 89 13
7 67 50 59
20 38 41 4
8 66 57 93
44 89 63 79
85 90 79 52
45 66 24 50
5 32 67 25
31 69 32 8
84 96 49 75
3 39 8 6
27 82 60 13
26 41 78 12
32 74 22 83
13 56 75 96
4 76 86 90
26 47 30 64
67 80 3 33
1 83 3 20
37 65 64 48
62 91 67 16
30 38 8 44
23 94 49 52
58 71 70 71
26 96 72 68
59 73 29 16
3 44 27 56
58 87 93 62
41 82 32 15
16 29 77 30
18 24 71 6
65 77 73 24
51 85 73 1
30 79 47 87
8 76 81 96
72 86 14 31
24 39 10 77
63 83 57 35
69 88 55 27
10 30 61 85
64 74 85 100
13 20 75 59
5 76 66 82
20 75 7 45
46 64 64 94
5 96 69 65
37 43 19 43
58 68 99 96
7 79 77 99
29 80 35 15
57 83 67 92
13 60 2 87
9 61 2 45
7 94 93 58
2 35 27 89
11 76 54 29
22 85 2 38
61 89 80 14
26 37 36 62
7 40 36 19
13 35 29 17
7 82 0 20
19 21 62 34
15 40 39 77
20 49 71 58
58 59 99 35
33 81 62 37
4 87 74 100
29 81 97 37
4 94 7 60
7 23 0 38
75 88 25 39
21 62 40 100
58 96 77 54
23 63 35 51
54 84 97 32
21 32 39 30
72 82 48 31
60 83 76 95
4 47 43 82
72 99 36 51
87 99 91 23
38 80 77 9
3 65 29 28
12 29 69 5
65 79 4 88
5 52 29 40
24 68 87 27
21 51 25 84
84 98 54 56
36 44 80 96
39 71 33 42
41 78 11 83
25 82 50 98
3 94 34 14
23 33 14 79
29 53 63 33
37 41 6 48
71 81 91 5
36 74 5 39
18 34 92 30
8 60 50 5
44 50 21 20
32 76 41 96
68 81 19 59
22 70 47 47
6 16 13 8
21 40 99 0
27 36 8 52
1 12 20 92
47 98 15 88
14 39 10 14
55 99 75 52
65 95 53 48
3 61 10 39
21 29 4 74
48 53 61 4
5 7 63 63
10 13 81 63
22 49 45 1
25 97 11 10
52 59 3 42
77 95 34 27
29 37 87 96
51 92 81 68
11 78 57 35
29 83 76 73
38 40 85 35
61 66 55 85
52 85 52 42
12 22 30 95
27 42 74 14
33 75 20 68
3 10 79 48
67 93 57 89
1 64 15 96
6 90 36 61
27 100 7 41
37 84 83 67
64 69 9 42
16 65 54 54
61 80 34 33
77 89 57 49
1 8 94 95
51 86 67 89
36 48 44 88
31 49 2 89
35 87 59 38
87 100 10 24
73 89 13 28
9 63 80 31
54 98 69 88
51 69 77 78
34 58 9 17
2 15 80 70
16 87 33 44
1 68 7 11
45 86 29 54
42 82 3 90
14 22 51 93
51 63 87 25
8 23 70 98
66 99 78 54
27 98 77 36
77 96 71 33
36 52 11 78
70 79 27 85
61 82 37 60
6 18 6 89
25 51 77 79
74 97 31 47
28 38 32 72
49 85 29 5
6 77 96 36
41 65 79 95
63 98 28 50
75 82 58 70
38 100 48 27
50 92 10 80
31 81 27 46
27 90 0 100
32 78 89 6
88 97 25 5
17 73 12 29
11 63 78 65
21 48 38 50
7 25 44 94
53 63 0 58
49 65 20 69
10 52 51 4
30 41 21 78
2 26 15 84
59 80 91 51
40 87 58 79
24 35 19 28
26 94 1 70
13 25 13 55
9 29 76 2
53 78 32 68
31 44 6 78
62 86 23 26
31 66 26 60
32 100 86 89
55 69 3 26
8 86 10 46
14 97 59 83
30 68 74 91
3 15 95 64
78 93 21 2
53 90 68 76
50 91 10 46
23 58 47 45
29 31 54 97
5 28 40 84
55 66 16 32
64 91 1 50
1 33 37 67
67 87 21 83
10 58 30 12
37 76 39 78
16 95 63 53
16 59 35 23
47 91 90 53
18 32 32 66
13 77 89 67
55 82 93 71
17 82 95 0
18 67 83 46
48 87 2 22
47 83 82 76
44 76 89 3
97 98 44 88
55 98 44 1
16 82 87 34
14 50 82 3
9 96 49 19
74 80 42 27
82 100 2 6
11 97 67 9
27 30 37 82
79 100 20 43
78 99 2 81
54 95 55 35
55 71 37 77
64 76 83 23
36 62 23 50
46 56 77 80
50 64 100 34
38 68 83 12
70 82 76 86
8 39 36 100
24 26 18 95
15 48 38 97
18 22 75 20
1 93 16 96
36 89 20 81
23 40 66 35
43 65 42 38
24 94 45 31
27 58 84 4
78 90 58 4
92 99 47 95
9 89 38 79
33 43 38 22
32 83 85 21
48 65 37 1
32 36 17 27
42 58 92 30
13 92 38 36
13 58 71 80
29 55 48 80
53 71 0 1
55 90 22 66
28 61 93 41
19 99 9 17
65 97 78 66
47 99 30 16
63 66 57 98
53 69 77 61
58 67 97 48
17 18 31 72
10 27 85 72
2 54 8 19
80 98 13 67
18 87 5 23
3 31 40 54
23 57 47 93
3 95 11 21
4 41 66 30
84 97 23 76
11 12 1 49
35 45 78 1
18 70 6 84
61 100 73 95
9 70 88 48
25 61 38 98
32 60 55 50
65 70 25 42
6 66 18 18
37 100 50 88
10 18 74 39
38 58 23 96
56 74 64 60
33 54 40 12
83 98 12 29
38 53 55 19
47 90 54 55
40 57 81 47
59 96 1 17
39 86 89 99
34 78 67 79
28 86 25 95
12 45 88 36
60 93 19 75
10 22 22 99
58 99 10 78
68 82 70 57
2 51 4 30
20 61 4 24
19 40 4 68
47 93 100 53
81 92 21 67
25 90 87 2
20 60 86 15
15 30 24 85
42 52 10 64
61 77 42 30
26 38 31 5
38 46 65 48
27 37 52 32
5 81 35 31
87 95 97 71
82 97 100 16
1 38 48 85
25 71 67 20
7 55 29 52
42 62 90 35
38 86 78 64
19 90 33 54
18 69 65 96
28 91 85 92
56 85 82 54
29 63 61 100
73 78 26 77
22 74 28 68
18 79 99 33
11 41 80 19
21 78 67 82
10 88 52 0
29 48 48 33
23 48 57 94
60 64 56 90
30 90 51 2
26 54 79 8
43 79 42 41
19 84 7 88
19 77 27 61
14 71 75 24
76 85 17 8
32 49 19 68
21 36 76 25
16 42 88 87
6 98 75 14
23 67 17 51
21 31 59 28
29 54 93 57
23 91 19 72
10 81 100 76
19 38 94 53
45 46 97 59
21 33 9 87
73 77 56 47
4 21 74 73
43 74 66 91
8 11 21 23
22 75 80 69
62 69 22 64
26 55 48 6
22 46 30 39
37 46 54 77
92 96 95 40
6 10 36 43
9 41 65 84
66 71 78 47
33 89 3 29
45 61 8 33
19 81 64 85
22 91 89 45
46 99 53 37
18 78 31 21
12 66 32 23
43 61 42 50
68 83 98 47
58 75 93 13
19 47 42 25
86 88 42 30
31 56 13 89
72 78 65 48
51 91 38 63
41 85 92 98
9 21 65 64
24 93 100 86
63 74 38 58
54 90 63 29
40 41 54 17
79 81 20 66
28 51 91 7
52 84 63 4
13 89 79 66
60 74 55 35
86 95 82 32
26 93 86 69
1 22 81 67
4 79 22 79
42 84 40 12
25 73 35 5
60 80 82 51
86 94 30 73
5 20 1 52
57 84 77 99
55 56 24 33
25 54 67 29
23 47 57 95
58 63 9 46
16 26 14 24
9 18 75 8
3 53 68 89
17 61 30 18
21 100 10 91
16 32 2 54
11 46 17 35
46 53 82 52
13 16 12 97
54 58 19 9
48 82 2 0
64 79 90 95
18 41 45 63
51 83 96 5
21 89 47 40
46 90 42 57
10 53 67 32
23 27 54 90
43 76 32 62
4 31 63 73
2 18 61 96
51 62 24 14
49 91 43 9
56 83 4 56
44 61 53 77
39 40 51 38
59 75 76 58
92 95 69 76
6 81 2 23
9 16 50 1
54 83 62 18
87 94 15 73
23 69 72 77
1 86 24 28
12 19 69 87
22 27 49 53
69 93 30 1
59 69 16 80
33 57 68 37
4 45 90 58
42 68 84 80
46 49 85 90
40 99 57 83
46 76 51 73
12 35 45 25
52 73 71 75
2 69 49 42
72 74 4 96
24 79 85 24
13 64 33 53
23 68 83 89
60 72 11 29
8 28 61 1
50 86 94 20
7 27 56 40
27 74 55 57
22 52 49 17
70 90 93 41
82 95 47 57
13 27 16 39
5 18 58 78
58 64 4 33
11 73 1 23
52 79 16 4
24 25 6 11
55 74 71 61
65 83 100 1
35 99 64 54
88 89 70 85
12 88 24 59
35 100 61 39
6 35 53 3
74 87 29 4
22 60 96 5
8 59 34 39
58 91 39 98
24 52 37 42
29 85 51 77
28 41 19 7
12 75 93 61
2 47 56 15
79 92 69 54
7 97 73 93
54 78 100 95
14 58 91 63
65 85 76 68
36 37 37 86
17 21 3 93
74 84 96 70
28 94 48 31
27 60 98 33
16 25 20 82
41 71 88 87
29 32 51 36
48 58 2 59
17 48 89 46
33 66 12 91
60 66 4 55
18 80 38 12
4 28 67 73
56 66 14 24
58 94 100 1
22 48 22 5
22 79 14 30
37 53 38 81
31 59 86 15
54 70 66 34
92 100 60 45
34 69 33 84
40 89 30 10
6 75 71 5
46 58 77 40
21 86 57 43
35 66 90 87
23 62 10 84
71 82 53 34
65 75 64 61
3 88 54 100
48 91 42 47
9 83 73 88
23 55 52 95
2 11 12 18
69 75 87 6
23 65 53 24
46 60 14 0
1 84 26 93
45 95 67 17
62 94 49 32
6 93 63 20
51 94 76 36
63 70 3 68
28 42 31 66
36 88 43 72
26 98 19 90
39 64 90 60
48 99 89 8
67 89 42 32
4 98 100 23
44 57 4 1
31 98 16 33
13 45 26 13
44 59 50 90
23 30 75 12
25 48 12 29
25 89 68 48
13 74 48 28
14 93 17 65
7 49 66 33
19 41 58 1
56 58 33 42
68 91 22 49
21 85 15 30
17 47 98 98
70 77 81 46
24 33 92 1
10 91 8 100
13 17 18 78
54 75 98 78
35 60 32 74
8 77 31 94
29 72 81 44
69 83 25 27
12 55 19 28
4 80 30 87
12 63 93 87
32 56 56 72
52 90 83 18
13 15 46 3
74 98 92 94
29 50 80 21
40 47 9 61
14 60 92 35
96 97 94 92
31 32 49 32
8 63 90 41
14 64 64 75
14 46 77 3
6 50 5 75
48 62 52 34
17 45 6 13
81 97 83 66
19 25 43 93
56 73 75 87
61 83 63 44
30 98 32 84
24 27 78 53
1 20 65 71
30 71 17 45
3 28 64 34
80 96 36 8
40 66 59 92
25 79 21 37
39 44 91 50
14 17 8 94
2 81 75 38
26 90 68 46
27 99 74 99
38 50 5 81
10 38 11 6
37 62 75 20
44 85 6 0
48 52 45 10
8 30 57 18
57 78 9 24
34 59 45 78
2 83 42 13
15 76 68 75
26 49 6 96
72 87 46 26
30 93 83 83
3 75 70 86
67 78 9 18
14 45 9 0
47 69 65 39
10 77 56 76
43 57 67 13
8 70 28 94
88 90 52 60
11 75 6 90
27 79 85 100
46 84 78 11
66 93 79 28
33 38 90 79
41 58 86 49
7 90 46 11
16 68 75 56
32 70 78 8
72 91 21 42
23 41 13 74
61 63 53 13
12 33 9 77
18 97 40 85
61 68 45 61
21 87 68 54
55 68 79 29
69 96 78 79
16 20 84 49
31 100 18 67
33 79 42 7
16 98 64 65
34 62 62 7
38 87 0 95
20 47 40 22
27 93 34 95
79 93 64 57
68 69 34 28
35 81 44 77
19 91 57 6
1 4 88 92
39 68 19 42
25 100 11 59
31 35 14 20
80 88 94 11
2 6 99 64
19 33 0 83
85 100 10 9
37 57 53 28
35 51 77 21
52 81 8 63
11 50 92 4
2 25 27 78
88 99 35 1
16 57 83 100
14 67 38 34
57 100 75 55
57 90 71 36
7 68 49 77
15 62 6 85
41 63 46 59
15 63 47 80
24 74 71 51
38 91 41 70
37 58 76 46
70 74 5 6
38 56 92 53
5 93 31 78
34 80 5 46
2 29 37 86
45 51 95 62
18 90 66 17
15 32 86 27
89 95 96 76
50 55 93 23
19 36 23 72
41 75 36 60
48 71 54 97
34 73 52 92
19 63 91 81
37 54 25 76
15 49 97 46
90 99 44 45
21 37 83 65
25 91 97 82
28 89 38 98
14 57 94 61
40 95 67 52
80 86 50 52
59 78 83 73
75 93 73 5
29 79 30 25
11 14 53 51
39 55 44 16
62 88 49 90
35 77 56 9
8 75 98 65
5 72 51 29
76 98 15 28
53 61 80 42
2 40 88 61
20 58 78 80
45 53 41 28
34 61 50 95
42 57 67 48
27 51 38 38
11 77 41 5
60 75 93 27
23 98 84 3
46 86 33 78
64 99 83 93
17 66 5 54
2 100 69 79
33 44 27 10
59 99 5 77
19 82 32 84
14 99 13 64
13 79 0 20
52 76 14 5
25 69 87 66
26 71 69 8
10 68 94 48
7 89 65 43
37 75 74 22
54 79 26 7
2 71 79 73
10 47 47 62
59 74 13 60
46 71 77 9
8 98 19 57
34 93 67 9
4 100 69 99
22 33 45 85
17 27 0 96
40 78 49 24
12 59 88 80
53 85 33 16
49 90 29 62
13 26 59 35
63 88 21 87
45 57 40 16
58 86 60 72
55 83 25 68
38 62 44 48
17 55 73 58
16 74 89 83
29 88 61 73
7 87 58 61
2 50 24 10
2 22 63 100
63 87 30 5
6 41 35 48
54 64 79 42
10 76 47 83
44 58 16 1
10 71 15 28
22 86 86 46
34 35 82 71
11 71 43 52
31 91 95 56
29 46 33 28
49 99 88 15
27 73 92 88
24 34 2 59
25 37 31 0
30 88 23 94
70 75 25 12
59 100 58 43
42 47 72 70
52 68 68 13
24 98 79 62
1 23 73 100
5 9 45 61
40 86 75 9
71 89 47 25
45 88 42 62
18 33 96 89
66 86 92 24
28 54 52 55
45 74 46 95
6 40 7 100
26 43 5 32
82 86 3 70
37 98 79 22
44 90 82 84
9 42 100 40
56 63 60 39
22 61 93 89
41 86 33 9
44 97 85 68
31 96 10 27
17 36 80 69
4 27 44 33
6 58 57 1
37 93 47 99
27 52 29 87
14 15 98 58
41 96 21 5
28 32 46 84
24 44 9 5
38 49 58 38
1 98 38 8
39 65 34 44
49 60 94 63
29 87 59 89
4 69 6 55
70 98 32 40
31 97 22 23
4 53 93 21
23 36 22 53
39 80 13 9
3 84 49 86
33 92 69 77
5 61 74 75
20 74 99 31
11 31 55 70
17 37 9 41
10 19 24 17
52 94 36 2
8 24 8 75
76 81 99 13
69 92 55 58
30 83 99 37
6 8 66 76
38 51 0 91
8 92 25 38
39 84 41 40
20 76 42 60
32 52 94 67
40 59 77 71
5 92 53 0
27 32 41 69
19 71 75 9
10 67 98 34
34 60 63 16
88 95 32 99
79 95 69 40
73 97 23 35
29 75 17 42
32 87 99 46
17 57 84 17
7 46 30 54
90 100 81 69
13 85 42 97
63 85 30 20
9 48 43 20
9 45 79 40
31 38 37 55
34 94 48 8
26 78 23 46
21 74 54 79
30 37 52 2
42 98 40 32
10 100 10 50
24 28 84 21
4 77 26 19
59 81 95 98
23 38 24 87
27 65 0 94
58 60 57 59
17 91 75 93
3 30 56 4
7 8 42 93
46 74 2 69
51 71 90 1
4 59 6 32
9 17 83 13
34 52 68 90
26 73 52 17
5 74 49 97
69 89 32 66
45 87 90 21
33 69 15 36
5 26 29 90
16 24 46 70
8 52 15 79
71 72 79 97
61 67 54 71
35 73 80 11
48 78 49 77
21 30 99 64
33 48 63 71
35 83 24 99
9 31 18 80
8 81 73 70
29 47 10 36
53 55 59 19
67 91 89 69
62 77 11 86
40 76 41 21
41 99 54 21
73 76 41 8
39 95 45 100
63 75 98 18
16 50 63 20
84 94 85 78
54 69 1 85
78 89 82 70
50 65 27 19
28 59 2 29
21 46 73 61
71 85 4 41
12 94 61 12
40 80 5 3
62 64 87 84
50 69 63 64
80 81 96 71
6 55 32 14
40 42 52 70
19 55 10 88
31 84 27 89
69 95 18 27
11 94 85 22
53 84 15 82
45 76 47 64
14 63 35 29
32 51 19 50
4 88 98 38
7 10 18 82
2 64 40 96
96 99 29 54
4 74 93 80
34 74 27 76
43 92 19 25
3 32 100 51
21 70 13 38
15 27 52 10
7 64 60 14
59 64 35 65
75 83 37 54
18 54 36 81
20 24 21 36
3 42 7 98
56 61 26 82
32 44 29 75
21 64 22 44
25 70 24 10
32 68 67 11
18 35 69 95
70 81 57 0
76 80 95 20
4 89 37 15
71 86 83 52
9 10 51 7
15 38 99 87
13 42 57 88
18 84 87 88
6 31 37 25
72 95 96 100
30 95 40 95
79 89 91 19
20 63 15 82
15 44 72 38
38 61 40 48
9 26 15 37
49 74 39 9
80 84 26 71
11 68 13 21
15 46 52 62
48 98 82 70
20 37 45 57
22 89 2 49
44 91 19 57
13 90 90 15
59 91 58 95
59 67 16 49
12 96 6 100
19 69 31 43
79 80 42 27
43 66 99 14
49 52 81 48
7 38 67 51
32 45 14 3
2 43 68 16
18 73 35 27
62 93 7 87
6 29 51 46
15 93 57 74
88 92 60 76
23 80 16 28
53 92 11 9
84 93 7 58
3 89 100 26
44 47 76 77
47 66 53 90
58 80 25 4
65 93 86 84
36 63 15 34
19 46 38 38
63 79 3 33
77 82 18 51
20 96 84 51
18 81 54 61
17 70 65 9
10 69 1 57
13 96 99 84
28 35 14 61
1 10 81 73
32 99 65 80
7 81 94 99
20 55 83 81
41 76 71 58
32 40 47 8
77 90 51 23
5 73 86 56
14 28 39 86
25 39 38 24
45 71 33 75
51 87 76 97
37 68 95 8
28 64 60 52
34 56 1 37
5 77 32 95
73 92 56 17
4 39 73 7
14 29 32 6
55 75 34 66
48 56 43 95
17 28 81 40
13 18 50 95
7 86 72 85
37 51 81 94
32 94 53 6
89 90 96 81
39 94 84 75
5 69 67 57
66 68 36 26
36 100 38 62
29 73 88 44
24 89 46 71
52 82 7 51
82 91 67 21
4 37 17 26
13 34 37 75
53 54 29 6
4 11 3 27
56 75 21 71
24 83 29 93
35 69 84 44
68 98 49 51
49 92 79 34
64 77 65 55
21 95 48 48
4 65 18 4
17 26 31 0
1 91 33 29
30 67 100 25
28 80 29 86
52 57 69 68
48 77 55 52
11 95 37 91
28 62 25 62
64 100 90 94
14 19 32 25
38 67 21 79
20 50 85 16
54 77 47 11
35 40 30 24
27 78 94 76
76 88 89 28
19 54 84 50
53 81 39 100
31 36 94 80
49 82 8 72
15 47 80 27
18 56 64 47
6 20 93 53
16 90 45 60
5 58 76 49
53 67 95 86
13 81 15 16
15 65 15 3
18 29 42 81
27 34 79 66
8 32 34 0
66 69 7 41
4 78 99 36
8 67 53 29
7 59 9 27
69 90 71 98
74 88 69 100
30 63 73 75
59 84 82 15
12 83 11 57
1 53 28 53
34 51 61 25
9 39 2 78
3 62 75 83
2 98 79 86
28 63 0 70
85 87 42 60
8 85 48 35
11 55 5 90
46 75 30 31
17 56 14 23
13 36 46 5
9 37 24 18
73 81 72 36
84 92 38 41
56 78 78 64
74 96 16 66
12 54 93 73
65 88 99 88
62 78 93 60
60 87 74 30
34 45 97 4
25 98 8 69
47 49 72 55
51 76 55 36
16 77 59 46
4 54 64 1
59 82 23 42
13 84 1 86
18 66 61 69
6 63 85 100
63 95 70 73
43 84 85 2
15 43 0 96
11 100 55 45
26 33 70 10
11 17 25 72
6 26 32 50
22 77 18 70
45 98 69 73
16 33 37 32
26 74 99 30
15 33 96 82
71 90 39 74
49 61 72 15
29 84 52 42
30 36 23 66
82 96 61 28
17 88 36 47
19 95 70 65
57 76 63 100
73 100 33 63
67 74 77 94
38 45 12 2
9 92 13 8
75 98 55 65
37 64 92 94
10 17 21 22
32 97 28 96
36 53 74 17
77 85 62 50
33 36 80 86
4 93 55 14
1 73 70 32
70 91 3 63
1 75 43 4
20 88 26 60
30 48 67 41
53 58 27 48
38 44 87 96
27 57 8 14
65 92 93 11
17 32 51 74
56 57 25 67
15 100 28 61
4 62 55 81
45 77 72 90
25 32 57 7
1 29 30 66
28 50 66 74
9 72 63 79
43 100 87 89
67 77 74 40
63 91 67 52
28 79 66 58
93 96 94 66
14 43 0 13
10 44 15 25
3 47 71 5
69 73 59 20
30 39 73 84
16 89 16 14
74 90 87 65
58 66 67 77
86 99 90 36
29 78 4 12
95 99 52 95
37 95 66 13
13 38 21 60
54 57 30 46
45 50 99 4
17 71 57 42
24 47 69 100
14 81 97 23
21 61 41 46
59 71 59 55
11 74 49 90
57 68 33 83
12 58 68 78
23 50 27 94
21 35 41 63
1 16 20 69
27 76 92 9
50 63 60 53
57 72 63 95
95 100 92 60
48 94 3 61
35 57 59 5
93 97 79 38
66 74 43 23
30 54 17 50
16 54 47 91
14 79 16 60
11 53 96 36
38 70 89 58
32 46 8 21
11 98 62 12
32 38 95 16
54 94 84 93
52 60 47 76
80 95 1 31
37 70 29 93
37 83 91 45
7 34 65 78
28 74 88 92
82 93 40 94
22 96 60 5
26 42 45 19
10 82 40 19
27 95 88 83
12 80 15 42
34 89 98 5
32 71 39 4
30 51 20 95
12 21 6 47
71 92 100 25
49 69 43 75
5 19 37 14
4 57 50 17
53 79 97 88
12 99 18 27
11 80 54 42
29 35 39 17
23 78 17 81
89 94 94 69
58 77 72 38
50 60 76 16
19 83 95 32
3 79 95 64
18 68 62 74
61 78 22 12
17 99 99 42
20 26 54 69
1 52 6 11
11 92 62 36
81 98 37 48
29 59 8 20
24 82 82 53
44 84 60 96
29 40 56 3
78 98 0 34
18 58 98 25
68 71 97 8
23 95 87 84
10 43 50 63
54 91 74 85
56 90 14 58
19 53 78 30
29 62 20 28
13 71 11 40
61 85 7 62
99 100 94 59
11 47 51 32
35 97 19 10
53 97 45 48
1 61 50 90
17 89 35 0
29 96 91 35
34 71 40 87
1 66 52 18
7 28 77 29
10 55 16 36
75 77 41 60
37 55 76 56
15 83 54 69
32 95 33 75
36 51 14 66
38 83 60 67
42 48 95 65
85 94 36 45
8 44 97 66
20 35 76 41
55 96 46 78
24 76 73 79
62 68 16 28
37 44 31 86
23 96 76 86
4 23 94 63
5 59 50 34
70 84 4 45
28 72 40 93
38 79 40 6
44 80 53 83
70 94 19 11
2 30 44 32
15 88 14 46
16 49 18 14
56 94 71 36
62 74 79 7
24 32 46 69
42 91 41 42
57 75 64 70
28 78 83 15
10 86 67 67
12 18 99 78
49 62 77 49
25 45 83 44
49 76 95 23
7 57 47 90
27 91 99 40
80 83 55 68
43 72 11 27
86 87 8 31
13 19 93 35
44 74 4 17
4 19 83 36
4 92 16 26
75 84 52 71
29 89 32 53
16 18 18 64
58 84 77 71
31 68 37 94
7 85 99 8
72 98 12 95
1 37 90 24
4 99 67 89
56 69 95 87
40 75 5 60
20 45 38 30
6 43 47 8
32 90 79 15
74 93 41 50
19 49 88 81
12 44 58 19
46 82 21 82
80 91 54 68
42 70 54 53
52 54 12 79
36 50 44 99
30 57 84 98
46 92 60 47
43 98 34 30
32 77 42 96
76 79 28 73
76 96 94 98
1 15 56 39
3 98 16 97
31 75 35 69
39 72 11 63
10 39 65 40
11 34 3 79
3 92 10 28
61 99 99 78
74 86 65 9
56 80 66 63
56 86 72 45
27 92 53 91
29 93 66 18
13 30 19 83
21 76 91 63
11 88 93 48
9 59 37 71
52 78 36 97
69 80 38 21
6 56 54 77
29 86 19 68
7 80 75 55
8 49 47 59
3 54 14 3
29 74 9 46
17 25 60 44
74 79 36 38
38 73 21 48
42 43 64 96
40 55 3 46
61 90 89 2
7 41 10 39
4 29 11 0
22 44 59 48
34 98 1 62
85 97 89 100
49 80 75 9
24 42 13 99
35 67 6 68
91 95 50 68
30 86 29 39
30 69 42 53
47 73 85 45
36 55 91 60
14 55 89 77
81 87 65 73
14 56 91 1
20 48 40 15
11 99 91 29
9 28 97 27
56 79 91 31
43 46 72 71
16 71 59 98
50 67 85 87
33 34 32 43
59 72 80 76
6 23 56 61
41 67 19 75
41 73 37 3
20 59 59 77
48 80 43 11
17 51 13 94
65 98 45 99
73 75 92 6
37 52 95 13
79 86 80 87
11 33 42 52
14 36 42 69
71 78 1 36
10 61 23 20
28 34 50 51
36 77 5 3
14 61 57 46
49 56 37 42
18 57 41 84
15 54 55 59
53 57 93 80
22 24 26 76
30 47 39 82
68 95 35 14
48 95 89 56
66 90 56 94
20 77 86 96
46 62 9 85
43 78 80 50
30 60 65 77
25 77 17 67
25 83 51 48
67 81 81 39
60 85 85 70
10 41 24 71
62 76 2 67
18 86 92 8
7 45 37 66
43 75 64 54
45 63 66 58
15 74 41 95
19 61 90 39
32 50 55 74
77 100 62 66
19 58 4 61
17 84 59 59
72 89 8 5
55 62 4 0
29 43 74 22
66 98 5 0
85 92 29 76
1 30 37 25
51 77 1 20
2 80 99 59
17 53 67 11
68 79 69 39
72 79 64 67
33 55 98 63
75 80 38 62
4 72 21 71
6 15 2 82
13 94 95 93
11 51 67 30
10 92 47 33
13 87 75 55
5 68 23 99
57 60 30 96
38 42 12 79
51 55 83 10
28 37 71 60
1 27 15 76
63 69 85 53
61 91 48 100
24 91 4 40
21 71 90 99
17 62 89 19
68 92 98 96
83 95 30 41
35 44 50 12
43 63 68 95
25 27 72 30
26 75 90 42
58 85 44 16
57 99 10 40
33 71 31 65
72 85 40 1
33 67 46 32
45 99 36 32
22 97 94 51
73 96 20 29
4 56 86 53
36 54 51 2
33 88 14 38
20 39 86 99
3 33 80 33
12 87 0 31
4 75 79 71
1 87 83 62
37 45 8 9
8 79 1 46
81 100 42 64
58 82 94 58
28 66 2 38
49 75 45 72
16 19 83 9
16 22 32 14
26 48 62 95
39 93 55 22
58 79 96 28
32 92 14 26
46 47 98 46
5 78 27 5
30 65 55 2
13 28 100 84
78 81 81 15
12 16 80 83
82 84 68 68
44 73 82 97
91 100 95 16
43 60 33 44
24 95 98 62
22 66 41 49
20 30 83 5
14 82 14 71
13 41 51 32
38 43 95 46
38 76 98 61
4 52 58 97
65 89 22 85
68 76 19 26
12 48 13 34
23 99 99 58
76 90 100 87
42 53 56 57
2 82 65 29
26 39 45 49
87 96 10 36
40 68 74 28
54 71 72 74
17 77 43 11
45 72 13 37
62 97 39 100
3 6 58 65
10 20 40 12
3 23 94 76
16 62 58 55
20 69 38 2
44 100 38 63
40 91 5 73
77 91 91 76
7 43 11 70
21 26 47 22
83 100 59 21
52 63 21 77
14 74 94 9
32 62 38 82
7 19 88 66
14 37 9 31
68 87 4 87
3 14 66 95
41 44 34 27
37 66 95 14
58 95 35 42
15 16 66 50
5 62 30 29
9 33 10 94
57 87 77 98
54 61 20 3
34 66 10 87
4 44 78 24
25 85 77 28
34 57 92 54
30 66 69 90
43 62 58 55
84 85 4 80
13 97 66 0
8 78 38 62
33 100 0 74
42 55 67 61
40 67 69 24
31 67 63 51
47 70 11 78
50 77 14 84
5 47 32 22
79 88 91 77
20 32 33 95
22 81 53 26
12 71 75 27
32 63 91 27
31 71 52 74
21 22 20 21
58 61 60 92
24 67 6 63
59 60 36 39
6 59 72 43
44 51 63 87
78 96 53 49
34 83 66 69
5 22 20 100
55 85 36 61
45 55 71 100
6 17 1 72
6 88 70 62
31 78 74 91
46 87 12 17
7 36 12 94
33 82 15 64
5 37 28 67
4 84 56 15
48 68 80 50
47 96 47 34
48 63 78 68
2 19 89 3
14 75 50 76
33 59 7 12
15 99 94 15
57 65 17 75
8 13 26 44
59 66 73 49
6 53 69 6
24 45 81 11
26 88 41 93
50 74 30 83
10 94 62 18
16 39 81 23
76 86 40 78
50 71 6 67
60 68 32 100
13 72 95 34
54 55 63 77
57 66 82 95
20 99 67 59
71 80 23 49
22 39 7 1
9 75 74 78
53 56 49 3
15 98 23 93
77 81 60 10
30 46 13 64
38 75 96 31
69 100 57 24
34 99 60 9
43 73 0 23
15 24 54 8
65 86 40 18
78 83 54 72
13 70 94 80
28 57 64 16
89 91 35 15
87 88 33 68
24 46 0 62
52 97 88 2
19 97 81 85
23 90 25 21
12 97 20 79
63 82 95 14
31 61 44 82
37 69 46 100
16 41 97 90
5 66 90 9
50 57 27 47
47 84 88 2
60 69 60 76
21 45 70 17
34 68 90 25
41 98 28 89
14 49 28 79
28 68 12 36
35 84 10 69
2 77 59 64
46 80 42 97
29 39 85 76
22 36 99 32
42 54 40 63
81 86 88 29
19 48 84 40
27 62 27 6
58 78 33 28
49 64 74 7
33 56 43 26
67 92 44 94
42 77 52 52
16 84 68 28
23 26 88 36
10 36 70 92
27 97 97 36
21 73 17 25
50 59 43 4
61 87 95 36
32 86 3 62
86 97 60 11
77 84 7 57
27 39 3 6
26 46 4 28
23 86 36 46
37 59 46 79
41 61 54 64
25 86 32 60
27 69 100 55
24 31 30 57
12 85 21 20
19 87 29 59
28 77 41 57
4 67 19 44
80 82 77 53
49 72 37 48
7 63 77 14
36 67 50 19
4 61 83 70
4 51 11 11
91 92 24 34
23 37 2 63
84 99 83 23
45 84 96 54
26 84 32 79
77 86 60 58
69 70 4 10
6 7 24 51
71 98 22 90
1 25 57 92
44 69 68 39
2 9 73 81
16 34 8 94
29 100 81 62
13 83 50 54
60 100 59 36
51 72 97 81
28 100 64 65
27 81 49 96
40 84 88 4
33 70 76 90
17 35 72 32
2 32 40 92
47 95 34 81
24 62 65 55
21 94 9 78
1 71 37 36
62 71 68 79
32 57 76 31
6 57 40 80
8 53 64 26
1 77 19 27
90 95 21 32
87 92 86 32
46 91 79 48
1 96 84 15
83 96 0 84
4 36 76 53
32 93 83 85
51 58 63 17
5 86 72 86
21 69 98 19
75 95 89 39
41 43 3 46
76 78 40 23
71 87 94 44
25 40 25 83
32 85 61 33
27 89 1 24
3 55 54 41
12 14 17 22
30 40 1 59
31 92 56 3
31 79 65 41
53 100 80 6
11 23 62 95
39 70 61 45
60 78 83 69
19 59 9 81
47 86 70 16
46 50 34 77
30 84 89 82
50 70 53 71
14 16 7 76
90 92 15 37
73 99 92 90
47 50 12 52
3 22 68 15
41 92 9 92
35 75 37 47
2 33 25 75
2 7 29 79
33 73 3 61
67 85 56 21
4 16 92 68
36 97 12 61
43 85 89 92
43 70 84 8
3 57 28 68
45 85 24 74
47 74 37 25
3 25 76 8
5 41 28 84
33 95 77 94
25 80 80 88
43 67 14 24
22 72 95 2
44 79 69 17
31 52 31 57
77 83 74 87
47 80 11 33
68 88 17 4
70 88 99 39
2 57 80 22
52 65 49 65
53 70 95 75
20 80 46 45
10 72 38 63
13 61 75 48
33 96 39 78
69 85 29 35
34 92 4 17
2 86 74 89
9 71 16 56
28 84 59 30
25 72 78 85
36 82 15 48
21 53 76 60
18 46 98 29
94 98 80 89
15 73 9 98
22 32 80 47
83 93 58 36
2 24 0 64
18 91 22 18
40 96 0 32
38 60 41 12
2 60 1 25
2 45 88 52
80 87 73 97
39 69 59 71
65 74 43 4
13 100 66 19
95 97 19 69
44 45 72 48
57 97 9 98
3 19 85 62
24 56 74 72
3 9 79 2
43 91 11 51
2 12 71 92
86 100 100 85
65 87 59 8
6 52 56 27
25 60 58 94
33 39 35 63
39 92 1 99
31 50 88 66
72 93 86 99
50 61 20 11
6 86 40 67
18 98 8 100
11 62 6 50
12 32 49 57
41 49 22 27
20 31 27 67
21 43 4 81
38 93 17 49
26 64 60 89
93 98 6 10
85 96 7 96
46 59 76 84
89 93 62 19
56 95 66 24
51 60 71 91
24 80 99 59
18 61 99 1
25 64 20 83
14 87 86 59
47 78 61 97
93 94 48 8
37 60 99 57
62 84 43 11
14 24 98 79
21 67 75 35
11 36 85 47
9 23 8 54
20 40 59 37
13 53 29 47
31 93 14 5
77 93 72 57
47 100 37 50
47 65 9 36
69 78 99 88
8 97 74 74
20 42 76 34
3 77 73 68
66 70 84 96
2 90 98 85
61 86 58 68
32 53 33 31
67 84 72 85
2 88 27 46
14 92 92 98
14 52 64 6
15 26 4 93
37 77 76 79
31 46 98 73
89 98 36 47
2 3 0 65
3 12 75 4
31 94 24 15
58 76 6 80
12 98 58 93
11 58 28 7
94 96 5 43
1 90 43 61
9 82 28 2
49 88 33 76
49 86 69 72
18 26 36 26
44 60 29 99
21 54 18 47
12 68 64 29
8 26 63 58
13 63 69 58
35 37 10 64
40 51 55 26
72 75 96 24
1 2 51 62
3 66 54 10
35 82 23 86
10 14 25 42
3 97 15 95
4 82 62 97
34 50 82 1
12 62 17 1
33 76 96 37
4 33 39 25
4 32 21 79
3 8 84 46
25 52 84 91
38 84 26 76
6 64 6 40
32 65 78 80
3 20 18 62
3 71 32 17
26 61 12 55
47 48 48 48
45 59 61 13
81 88 54 26
38 63 33 54
66 89 87 14
40 72 33 94
9 12 82 80
51 93 83 8
66 97 83 52
41 68 2 5
88 98 13 13
54 89 100 52
92 98 67 56
53 89 5 78
5 89 58 49
40 61 47 66
42 97 34 36
39 47 48 46
16 51 27 15
38 74 96 79
35 90 5 6
1 60 52 93
36 45 51 45
52 70 65 34
1 57 97 12
24 29 13 48
44 55 52 25
16 23 97 38
28 81 66 72
34 47 100 75
81 85 4 19
78 85 50 68
66 100 29 2
29 67 86 35
43 68 21 0
3 35 26 95
49 66 35 51
60 86 89 8
26 89 7 72
36 94 10 44
24 81 44 13
37 39 32 93
18 62 99 54
84 88 34 42
60 91 28 35
42 92 100 37
24 36 61 1
43 94 48 40
71 74 51 87
22 29 9 58
61 76 100 75
39 49 81 17
70 71 75 28
31 76 64 66
28 76 97 53
14 78 76 80
19 24 89 23
21 23 44 2
29 82 31 45
13 52 73 73
38 77 84 77
43 59 99 25
30 64 10 44
53 68 29 15
21 82 23 18
57 77 53 18
9 69 99 75
26 58 67 85
27 54 71 53
54 100 86 20
66 79 74 19
16 48 33 59
6 30 42 40
4 24 81 97
10 87 23 60
1 21 0 86
77 92 54 16
52 92 95 18
48 64 49 70
37 86 24 47
10 97 59 70
3 93 15 90
43 88 81 67
44 99 3 81
2 63 33 90
7 69 14 83
23 73 11 68
68 99 71 10
86 89 99 39
10 16 8 84
8 17 36 37
65 82 68 95
20 82 13 43
41 77 98 44
28 55 0 45
47 57 34 72
9 55 8 62
69 74 1 24
59 79 21 92
22 71 81 88
73 87 67 49
7 30 59 73
79 90 93 20
30 81 55 55
57 80 79 89
63 89 76 34
28 93 37 5
22 80 7 23
35 74 37 71
44 75 28 64
32 35 46 70
36 38 48 23
61 81 17 41
30 73 75 18
68 73 4 21
3 27 95 94
34 86 40 87
36 60 10 27
29 45 29 80
49 100 69 5
55 87 69 56
29 70 66 17
17 31 55 7
36 86 41 77
39 83 95 77
2 75 33 84
43 58 85 4
31 73 49 32
60 71 5 23
14 51 22 18
63 81 55 53
83 92 83 19
13 66 86 93
12 43 67 87
43 80 36 25
40 83 66 26
15 97 35 77
7 98 15 86
69 72 92 13
26 68 47 75
42 46 40 61
65 68 45 3
54 81 77 7
30 58 87 42
44 72 13 33
27 47 77 87
11 26 69 32
39 53 70 2
16 46 76 21
66 87 98 92
4 10 6 47
63 93 32 40
5 23 50 74
64 97 13 30
75 94 1 1
6 21 64 64
11 57 40 17
52 87 77 48
67 97 2 20
39 76 1 96
25 55 77 85
26 83 82 7
39 56 93 99
25 76 0 86
60 61 6 97
2 38 23 70
6 100 41 23
44 54 10 16
56 91 93 4
3 85 11 71
42 94 37 25
27 31 9 89
42 61 76 88
4 43 45 12
1 5 70 11
64 87 83 21
35 94 96 12
59 70 61 8
8 83 90 75
51 56 16 51
67 71 94 89
17 90 65 29
55 100 37 50
26 77 52 100
52 93 34 97
53 88 99 86
81 95 73 50
19 42 47 46
3 34 38 97
40 46 61 71
70 73 9 46
54 74 86 62
33 50 48 31
11 39 28 9
41 54 65 65
2 31 11 13
15 36 75 20
16 40 67 70
3 78 50 77
9 81 19 28
67 70 29 63
4 12 33 87
5 12 73 71
6 82 53 73
37 87 58 55
6 85 27 46
9 95 51 41
38 85 85 97
27 83 98 5
73 80 5 29
64 95 49 15
7 83 69 52
2 85 15 44
62 63 94 90
38 97 61 11
59 63 83 86
41 42 94 32
20 44 87 78
33 45 67 31
46 57 23 12
13 99 4 62
5 100 100 27
42 83 34 99
23 74 86 94
36 42 59 35
48 73 92 24
52 72 84 5
9 19 21 82
51 52 36 93
17 85 29 14
6 70 88 63
12 56 5 20
3 24 78 1
14 88 46 48
25 56 35 6
96 98 84 61
36 90 82 92
64 89 27 3
88 96 38 84
21 79 41 66
13 44 90 7
50 75 24 19
57 74 9 86
69 76 75 4
72 83 15 12
14 77 23 60
40 53 51 32
29 76 68 58
36 56 66 92
9 67 76 85
24 63 30 32
53 96 62 30
5 99 65 29
49 93 14 27
56 81 18 90
55 60 79 77
43 48 4 18
12 53 30 15
4 35 15 93
63 94 25 7
21 42 84 62
11 59 44 33
21 91 50 24
29 49 51 95
6 68 80 10
23 59 39 88
16 97 77 68
12 69 95 15
23 88 95 79
15 92 87 4
28 97 13 34
51 81 26 85
22 76 98 61
37 38 88 18
24 40 24 54
15 84 95 30
43 52 7 55
32 34 52 74
23 87 53 95
59 85 51 83
50 85 39 45
12 72 14 7
12 34 89 3
25 84 37 28
46 55 24 69
46 61 93 52
29 33 13 10
24 97 14 38
37 67 71 47
4 70 52 50
14 33 11 70
72 84 81 5
23 84 90 78
33 86 15 22
6 42 34 4
10 24 34 9
34 87 84 48
31 41 33 0
49 96 66 99
9 49 38 45
5 87 21 34
36 68 12 41
34 95 37 68
22 57 19 95
21 58 63 52
5 88 6 56
19 35 65 57
26 32 54 94
48 100 96 7
33 58 72 1
8 20 49 70
19 68 53 84
11 82 1 56
29 90 3 20
10 34 43 46
6 65 51 15
16 36 37 0
37 63 33 28
4 25 30 80
87 93 79 19
13 55 79 21
12 65 32 81
2 52 99 65
34 75 17 55
18 92 3 91
24 65 34 42
35 64 39 8
44 78 47 43
49 73 80 23
23 92 99 86
25 94 76 91
61 70 87 22
29 65 85 98
16 28 5 37
37 40 57 32
67 98 54 85
31 34 3 11
33 72 80 29
7 17 57 87
33 60 64 22
35 88 25 35
24 50 70 33
18 76 45 98
6 67 67 74
21 72 75 54
25 53 23 55
88 100 20 60
35 41 94 23
83 89 64 66
7 60 7 42
27 71 63 87
83 85 100 26
40 92 95 69
53 98 6 1
23 85 54 38
9 40 84 27
24 54 39 67
30 91 7 46
10 21 30 97
34 67 87 55
5 71 53 6
5 40 83 45
73 88 32 97
67 72 42 8
21 92 85 29
8 73 36 30
41 93 79 60
54 66 76 6
11 28 9 99
56 93 97 90
28 71 34 89
51 78 37 19
2 96 93 8
18 30 5 34
48 92 98 52
9 11 62 3
22 99 93 30
22 26 100 36
16 53 69 98
25 28 19 81
8 74 54 23
25 26 62 62
30 45 71 26
24 85 48 65
3 70 26 28
1 45 25 47
51 89 10 89
19 56 72 10
41 95 53 32
12 39 91 55
3 50 91 38
66 80 96 48
14 69 9 74
10 33 43 45
11 49 8 68
32 75 66 1
42 71 2 27
15 78 31 7
41 89 78 3
15 77 75 21
19 85 43 25
15 75 70 76
7 13 33 98
26 53 29 92
60 82 99 85
4 40 3 54
18 40 55 64
67 73 16 24
9 58 25 35
48 79 20 58
41 97 4 98
54 76 60 91
18 50 74 67
46 48 80 100
13 22 64 73
74 81 52 59
94 95 84 29
7 11 9 69
45 93 21 11
22 65 37 22
6 97 53 58
51 66 9 94
21 57 5 78
61 71 1 33
64 72 47 36
35 80 57 36
34 97 52 39
8 41 53 92
2 99 61 71
51 67 28 87
37 78 61 57
18 39 30 63
16 85 14 36
74 83 4 29
23 76 33 40
24 99 17 50
29 91 1 52
11 45 86 76
36 75 49 52
54 59 75 4
21 59 8 46
52 58 70 34
14 62 60 66
29 95 51 84
55 88 24 15
44 48 65 71
6 61 36 71
44 63 100 4
57 58 75 12
51 88 57 60
30 49 100 39
38 95 96 14
15 29 55 47
33 40 59 82
11 84 71 32
5 97 69 71
50 80 80 5
13 46 81 94
79 94 37 68
53 87 37 16
20 73 85 68
53 86 32 78
5 34 81 22
32 61 57 8
2 84 43 87
6 79 4 31
78 80 11 57
68 90 90 11
52 95 63 45
19 30 14 8
42 90 97 79
21 28 2 85
15 42 67 73
16 99 3 23
43 86 94 37
21 77 49 87
67 68 56 45
48 75 83 98
26 69 23 72
29 34 82 27
53 99 81 46
30 44 16 54
35 68 53 15
17 92 18 38
41 60 48 6
14 85 58 85
1 59 5 83
26 57 88 60
32 96 86 25
67 94 58 98
68 74 100 53
53 95 39 4
83 94 29 28
45 56 31 77
5 98 69 81
37 88 33 65
17 83 70 78
2 58 63 88
36 72 17 35
68 89 81 20
40 98 85 44
17 79 38 36
12 73 58 100
64 70 47 37
86 96 77 58
82 92 89 48
8 31 46 95
63 90 25 47
37 74 87 76
61 96 47 22
64 88 47 38
23 25 26 27
32 88 32 25
77 80 42 16
13 49 83 0
15 56 63 28
36 47 88 83
55 57 99 76
69 86 13 89
33 62 1 48
51 64 55 75
40 90 7 15
18 100 100 52
28 39 18 31
73 98 50 19
59 87 22 78
8 14 95 72
50 95 23 87
5 82 70 57
17 67 8 5
59 97 39 49
18 49 0 7
23 42 59 70
13 82 59 73
31 51 97 54
19 74 98 0
52 91 5 99
2 48 45 22
43 82 60 48
2 20 1 40
55 93 49 54
45 68 54 16
9 65 42 46
72 88 68 88
44 68 92 69
34 48 54 80
54 88 54 8
25 31 75 78
19 64 69 30
64 67 62 30
30 72 4 6
34 76 31 58
9 60 45 19
24 71 47 93
13 31 86 71
13 69 25 19
23 60 61 21
62 83 7 50
28 33 17 11
33 99 84 61
25 87 75 65
7 24 58 55
7 92 46 46
13 51 45 53
46 85 33 62
10 75 35 40
19 22 9 51
5 31 44 81
17 23 35 36
5 51 29 49
35 95 74 27
18 47 35 91
17 59 55 75
36 40 33 44
10 83 62 56
10 70 77 34
78 84 68 20
8 22 36 30
50 76 28 52
32 69 7 63
3 4 87 5
55 77 30 88
22 38 17 100
9 87 10 88
78 79 99 86
19 23 5 19
29 99 10 25
1 46 88 51
11 40 75 88
33 91 81 4
58 98 8 83
10 63 55 76
19 73 60 94
5 80 73 14
55 81 31 56
33 49 54 34
3 60 1 19
48 57 77 15
43 71 4 88
34 42 82 19
11 91 91 41
14 53 59 99
57 71 21 24
11 66 46 89
1 74 8 66
65 96 77 49
7 77 83 97
12 61 61 90
1 18 99 6
17 81 13 13
75 81 83 100
60 84 47 94
21 97 90 93
65 69 51 62
6 11 69 5
51 68 63 50
11 56 42 7
41 51 37 18
36 80 62 25
10 42 67 16
17 76 27 49
4 46 27 32
42 73 92 71
5 25 95 7
7 71 71 53
48 81 100 69
46 52 64 98
64 78 97 85
3 45 34 53
81 83 58 63
13 95 42 99
49 54 90 95
52 67 88 11
4 30 26 70
3 86 38 23
15 34 24 71
39 66 9 28
41 74 74 45
25 38 17 15
87 98 35 91
16 43 54 54
7 18 17 12
54 87 58 68
53 76 20 29
28 96 57 51
53 73 34 13
25 30 61 46
72 90 17 96
16 47 71 25
15 66 65 76
7 33 69 15
23 24 22 24
43 99 81 15
6 83 36 16
25 65 0 65
52 89 7 76
24 75 27 44
76 84 64 21
55 92 2 29
53 82 64 77
65 99 86 38
1 67 36 21
29 71 83 43
46 66 57 50
2 78 45 96
67 88 1 71
13 88 70 45
47 51 77 76
23 51 84 64
56 89 45 34
18 88 27 17
54 62 12 2
9 98 39 92
62 81 96 56
74 100 70 97
24 66 46 66
12 76 35 4
34 37 86 77
19 50 9 31
58 72 42 11
29 42 65 38
12 23 5 81
40 69 80 97
5 27 1 69
16 91 49 77
3 7 49 73
24 84 89 4
2 28 6 3
40 93 13 40
61 84 41 8
32 39 15 41
28 75 76 67
16 66 55 38
33 78 38 92
45 62 36 28
32 72 30 11
5 65 5 89
5 36 96 59
65 81 32 48
7 84 89 8
39 78 94 1
7 72 29 30
8 82 0 20
22 94 34 86
31 39 25 21
7 70 78 25
51 95 76 25
4 66 88 39
67 75 73 63
15 45 93 45
39 99 83 81
43 54 58 19
13 62 91 39
9 35 14 13
26 80 87 76
41 47 18 60
26 66 83 41
34 40 34 66
6 91 71 26
3 46 85 41
79 99 34 97
16 100 53 59
41 45 67 35
17 78 55 11
44 49 89 51
28 90 49 59
20 98 55 23
62 72 52 16
2 4 75 57
25 95 4 91
27 29 42 82
89 100 13 61
5 10 46 88
35 36 71 81
54 68 9 77
61 97 36 30
50 96 88 2
30 85 37 3
2 97 11 80
21 34 99 92
36 95 10 30
18 93 24 14
30 76 28 87
9 93 40 28
65 90 9 49
70 93 40 37
17 33 7 99
46 73 49 67
5 45 34 75
39 100 96 44
19 75 71 81
13 80 84 17
3 36 16 24
13 24 49 94
21 83 97 46
8 84 36 45
70 100 1 79
88 94 8 23
50 53 21 25
69 77 85 9
73 84 18 56
35 61 26 89
1 56 89 86
51 96 25 1
11 64 84 56
50 90 25 33
11 93 67 66
43 64 97 50
60 88 18 12
7 96 20 93
82 99 14 95
8 69 4 98
47 67 24 68
1 39 64 39
30 94 89 73
8 16 73 9
16 72 83 92
50 99 48 12
23 83 27 52
24 77 32 34
56 65 2 49
27 44 84 57
24 55 77 30
6 95 55 58
14 70 31 46
19 96 42 25
18 21 84 40
2 41 85 40
22 98 46 36
52 64 37 83
11 27 86 13
16 31 19 12
18 53 24 51
91 93 57 81
31 88 73 68
47 87 34 60
29 64 72 92
32 81 74 44
9 80 51 57
38 99 86 29
42 51 59 74
8 72 79 78
38 78 74 79
17 34 49 87
23 89 60 77
13 76 63 96
40 49 10 51
31 80 80 17
8 9 65 5
7 35 5 29
41 52 10 56
60 95 37 39
56 87 19 45
13 29 31 99
57 70 66 20
43 81 78 100
6 89 41 26
7 16 78 9
55 67 60 7
18 64 85 1
53 74 57 74
62 99 25 44
30 80 70 66
69 84 14 5
30 61 62 64
61 72 22 11
54 85 0 28
85 93 62 51
73 82 92 88
36 70 13 16
8 61 45 32
10 50 66 93
28 43 55 51
35 76 99 21
71 91 55 43
23 29 83 56
19 26 62 98
28 85 25 2
4 38 5 73
43 83 1 42
47 88 97 27
49 87 6 41
18 36 29 46
90 96 9 15
87 89 100 18
23 32 81 64
3 52 19 40
46 94 49 78
14 26 36 79
23 43 14 51
3 76 2 50
56 84 0 79
14 32 61 75
17 46 23 12
62 66 26 47
33 47 13 97
2 89 56 70
6 22 69 56
27 59 99 35
43 89 76 98
15 52 29 53
11 38 1 78
62 95 85 15
2 39 0 38
6 72 13 85
42 45 26 45
1 94 68 35
3 17 99 57
8 93 51 79
13 48 66 36
25 35 11 20
34 39 22 56
34 84 18 23
60 94 94 96
44 46 23 52
35 78 59 0
45 79 19 43
42 85 94 67
31 53 46 54
20 65 76 64
16 78 99 58
39 74 67 22
11 16 66 83
38 52 51 24
55 76 73 37
5 44 72 31
21 27 66 22
29 77 76 10
66 82 46 75
34 65 55 55
22 51 55 1
44 53 19 67
55 80 67 6
9 22 80 33
28 92 19 93
15 37 89 3
30 50 95 54
59 61 1 36
38 96 58 38
63 97 27 84
51 79 99 94
33 77 17 100
43 97 66 56
70 80 39 12
1 89 79 16
19 62 41 50
18 28 95 55
19 86 9 87
62 96 87 90
26 81 24 97
20 70 0 88
5 6 52 43
28 36 2 44
13 78 79 70
27 80 53 32
24 59 77 75
57 96 71 64
6 84 41 90
8 21 53 80
17 80 35 35
35 49 54 14
27 88 88 66
42 100 5 97
15 64 71 64
23 75 91 38
1 36 68 12
64 82 21 59
32 66 33 81
84 91 95 69
89 99 20 28
82 90 82 40
20 41 9 51
50 100 14 14
6 36 54 31
52 74 28 49
49 63 33 79
80 97 3 96
24 92 22 23
45 92 20 18
50 97 77 72
24 72 76 29
21 96 51 92
17 40 0 79
67 96 27 88
22 56 89 98
2 46 43 22
66 91 80 51
67 86 78 70
70 86 31 28
10 59 6 18
75 97 83 36
50 66 19 48
75 99 11 0
66 75 55 76
31 82 43 79
53 60 93 72
16 80 5 80
47 68 42 87
75 78 51 17
43 95 11 53
5 57 2 14
28 82 21 65
6 74 8 9
40 100 12 36
42 78 87 44
60 62 22 98
31 45 34 43
71 95 36 63
27 50 18 54
3 18 84 46
43 93 10 8
10 40 68 87
43 50 74 35
56 77 83 76
73 94 37 85
21 47 6 75
54 67 65 84
45 100 66 24
12 60 10 86
65 73 65 40
63 67 95 73
20 64 16 54
22 53 16 97
4 63 94 17
27 53 99 19
19 89 92 14
23 53 68 7
12 47 2 20
34 46 3 39
81 94 72 92
9 46 57 6
61 65 58 63
38 48 48 83
8 55 92 33
35 93 93 79
16 70 1 78
12 67 26 64
33 52 76 64
25 62 13 42
72 73 93 40
61 69 5 81
63 71 62 78
23 54 48 91
10 31 70 94
87 90 67 2
57 82 17 41
54 99 59 84
12 13 56 27
23 97 90 53
7 56 6 74
13 32 92 10
65 66 23 0
8 56 54 88
18 25 20 57
30 74 50 68
32 58 22 56
25 93 64 57
26 85 58 52
46 51 90 29
9 99 44 17
48 89 55 60
57 85 66 9
55 63 93 76
12 52 43 93
44 95 94 77
39 89 57 2
44 82 58 32
76 97 32 92
71 73 56 11
47 54 10 50
17 43 16 97
47 76 20 12
8 19 29 31
16 96 11 33
45 91 66 60
42 87 53 27
11 30 13 5
61 64 88 5
53 91 19 0
81 89 37 96
35 92 87 70
40 52 99 32
49 67 90 83
5 55 20 14
41 90 28 17
10 85 80 65
66 88 2 57
18 71 19 31
36 81 39 28
25 96 68 22
25 44 75 52
24 60 67 61
12 64 98 31
11 60 43 25
86 90 62 97
9 56 66 81
75 96 73 44
91 98 14 48
23 82 90 65
79 98 38 6
23 45 78 30
17 60 38 54
72 100 18 97
34 54 35 82
67 69 41 2
16 61 23 48
18 59 24 34
41 79 9 90
14 38 71 18
78 100 21 59
25 34 26 21
31 74 59 39
1 44 50 27
75 100 49 35
9 66 23 94
16 63 82 93
64 65 19 68
96 100 92 69
10 99 72 23
34 90 77 84
34 77 3 93
28 83 24 32
1 6 78 46
62 90 18 14
54 80 26 18
13 33 84 0
8 43 28 80
45 70 96 79
16 64 27 38
50 81 62 5
15 79 1 81
3 38 73 84
9 44 36 53
12 20 91 59
39 82 67 68
27 87 3 56
36 58 12 14
86 98 19 75
16 73 46 84
19 94 45 94
58 69 31 32
10 60 27 44
49 51 95 73
64 68 37 95
39 50 18 44
25 59 96 44
56 92 70 24
42 89 80 37
20 43 63 90
50 73 99 21
19 60 60 62
38 64 3 58
1 92 12 3
65 84 25 55
77 94 51 25
3 63 15 34
1 28 77 26
30 56 73 75
11 96 70 58
19 32 21 20
26 29 34 21
18 96 70 89
92 94 73 82
58 70 21 27
9 64 23 89
79 83 6 26
91 99 72 88
74 94 88 82
61 88 56 61
7 26 90 91
7 21 65 32
4 17 39 75
42 63 41 44
22 43 45 100
2 44 23 5
57 67 1 77
23 71 1 10
7 75 84 53
3 37 70 80
3 21 39 55
45 94 49 88
6 27 77 36
14 27 65 22
12 82 52 3
44 96 55 100
82 83 18 15
46 83 43 29
19 27 71 97
39 79 68 57
42 74 14 87
3 41 77 0
51 99 64 98
7 76 55 15
38 92 13 88
45 82 26 40
34 100 95 83
50 54 53 27
7 62 47 30
51 54 32 55
1 35 12 74
12 40 25 86
16 58 70 9
30 52 73 75
19 52 14 37
68 77 49 28
8 36 31 5
60 81 99 75
71 100 73 18
49 89 1 16
52 75 93 74
13 57 1 45
66 81 81 97
21 41 78 9
32 55 76 75
12 38 57 88
18 82 71 86
49 83 37 10
27 68 70 69
23 34 81 60
40 81 23 31
16 27 72 57
35 71 67 88
11 72 58 6
8 18 24 3
20 53 57 69
65 67 20 52
15 53 52 67
66 72 69 85
15 23 88 98
42 60 25 64
36 96 74 26
39 97 74 86
17 95 48 53
39 63 5 67
49 58 20 72
73 86 33 73
1 80 10 42
6 69 70 59
26 76 33 88
21 75 83 83
89 92 32 47
63 76 85 44
23 77 38 12
72 94 65 97
24 70 31 98
7 54 73 72
16 83 37 96
10 11 74 36
44 98 41 86
30 34 69 90
27 63 6 81
77 78 80 88
45 83 9 82
39 90 31 46
58 65 97 77
12 78 100 33
21 60 67 14
3 11 81 87
67 99 27 37
27 46 79 57
13 23 76 2
3 51 35 82
15 95 14 91
1 19 37 14
63 73 58 3
38 89 93 74
2 87 11 93
80 90 96 95
75 79 97 50
57 73 59 31
54 97 73 100
2 95 2 23
22 100 42 48
4 55 95 42
35 39 31 23
36 65 94 74
28 70 55 67
40 43 84 37
61 93 21 49
60 70 98 25
37 92 40 58
31 63 5 89
10 66 71 82
6 39 9 0
21 49 47 27
60 77 11 19
10 79 35 29
30 75 33 81
70 92 62 66
7 93 44 68
20 56 80 12
22 78 70 99
3 29 92 77
37 80 44 6
17 30 99 23
11 42 2 100
10 49 41 64
35 54 98 63
21 88 64 9
59 92 1 58
98 99 35 89
5 42 34 53
8 38 88 56
15 28 18 95
8 62 46 28
45 49 80 63
20 100 33 18
5 43 73 28
65 78 12 91
19 28 47 39
54 92 62 82
22 68 79 56
28 56 50 17
22 83 90 18
26 92 3 96
12 89 75 40
38 47 78 25
12 31 86 15
41 81 99 40
27 55 40 46
50 88 2 3
84 90 36 31
52 96 33 88
57 62 39 25
21 84 98 58
13 75 94 3
29 51 45 90
60 96 68 99
11 86 10 70
44 70 19 9
36 73 79 35
95 96 100 34
33 65 77 48
1 99 66 11
1 41 61 93
6 19 38 21
94 100 85 65
71 99 69 96
10 35 57 62
3 100 71 88
25 43 65 20
14 18 9 2
8 100 5 1
72 81 85 78
64 92 20 52
19 39 44 56
68 100 73 82
7 47 82 13
71 76 6 81
41 88 15 90
22 88 94 56
30 99 91 38
9 73 50 7
83 84 95 60
57 61 19 29
51 80 7 9
23 72 84 96
47 82 62 22
46 95 69 54
58 92 92 15
9 51 80 51
83 88 25 71
53 83 9 55
90 98 49 43
42 72 15 2
52 83 79 71
48 85 83 93
55 72 67 27
27 28 99 80
62 65 68 65
2 36 44 76
61 98 26 72
25 49 5 36
71 77 71 9
33 84 94 51
48 90 33 98
22 47 90 31
47 89 48 36
25 81 1 91
15 61 47 90
36 83 47 9
79 87 67 70
36 39 29 82
10 32 7 8
15 58 50 84
43 90 37 15
45 48 30 54
36 78 5 66
42 80 88 39
49 78 86 32
72 80 7 88
58 90 27 83
70 85 33 17
20 57 12 79
89 97 0 79
7 88 86 56
35 56 93 41
29 38 61 60
27 77 2 3
52 56 59 18
1 79 3 26
26 30 85 86
90 91 42 54
15 18 7 24
19 78 23 64
26 31 12 34
38 81 7 38
52 88 23 42
49 94 54 29
10 37 30 49
48 61 1 29
57 93 45 61
63 96 54 29
46 81 31 13
64 75 54 92
26 36 40 78
30 96 59 50
19 80 20 32
15 96 76 90
3 99 20 64
30 97 88 55
16 76 26 68
48 72 58 67
44 92 49 77
76 94 44 6
58 73 55 24
41 80 73 41
13 67 8 78
44 87 79 3
7 31 13 82
12 36 28 68
22 84 44 88
4 86 74 8
8 27 17 34
18 38 51 7
39 60 5 86
9 84 87 91
24 49 92 77
45 60 11 4
56 64 90 94
74 91 70 82
9 86 17 82
59 68 57 1
65 100 31 86
5 95 92 8
22 37 4 83
13 47 98 52
17 52 93 29
27 66 48 97
1 43 41 34
24 96 88 68
68 80 54 57
25 78 4 68
10 80 7 99
32 79 69 59
23 46 36 77
26 44 85 42
14 44 48 81
32 73 16 77
32 91 11 55
15 51 73 79
32 48 20 70
12 93 74 86
42 88 19 49
91 96 28 37
30 32 58 77
15 85 44 57
20 29 73 78
22 67 77 19
1 85 97 52
35 46 26 59
41 64 75 20
47 63 81 90
17 68 84 25
13 14 18 77
2 72 84 36
42 75 88 34
1 95 27 90
50 62 49 11
51 53 48 19
73 74 86 63
15 50 7 100
5 46 12 31
55 95 45 47
57 64 39 42
12 95 65 26
10 98 38 50
24 69 81 14
55 64 90 74
62 73 55 97
1 42 66 8
18 89 29 36
14 68 57 78
32 43 19 4
17 42 99 93
64 83 0 2
49 50 85 86
12 84 81 22
12 91 62 40
23 28 85 2
35 52 77 17
2 27 57 50
30 33 90 47
22 34 39 70
38 72 67 98
46 98 75 73
1 51 12 66
19 66 96 88
4 81 0 80
36 91 38 79
12 100 42 45
1 11 32 79
46 65 23 9
19 76 84 51
15 69 83 11
18 95 57 57
43 96 22 53
25 36 79 77
18 20 47 96
9 50 61 73
42 67 7 100
45 73 98 18
8 29 99 7
22 50 81 70
69 87 64 19
51 75 96 40
76 93 16 13
35 91 21 71
93 99 77 11
79 82 5 67
44 93 15 24
77 87 73 39
6 28 17 2
55 65 97 67
26 40 69 25
31 86 25 86
39 75 69 87
9 79 59 26
30 55 30 29
55 84 2 94
29 52 66 21
45 58 100 31
52 55 45 98
22 42 86 99
59 89 22 73
17 65 15 19
10 65 57 40
43 69 2 83
43 87 16 45
23 56 90 91
13 65 4 85
5 54 99 62
1 78 60 25
27 84 95 87
6 13 93 67
6 9 13 51
20 67 15 28
37 82 5 22
16 21 95 41
32 41 94 3
39 61 2 32
39 51 48 6
37 81 69 17
22 58 40 31
14 95 1 36
85 88 11 75
28 31 34 21
39 41 98 25
41 48 60 69
1 55 41 68
23 35 10 91
6 76 54 43
8 10 80 57
7 66 48 5
49 79 74 85
30 43 4 93
6 94 67 56
20 93 70 27
24 53 60 4
19 72 68 31
3 73 86 30
45 65 38 94
33 53 92 99
27 64 31 35
77 97 60 33
11 37 9 94
26 62 64 45
36 99 90 32
71 88 19 31
18 31 49 70
14 91 71 3
8 45 94 60
42 95 84 68
17 63 10 70
4 71 74 92
1 17 29 17
66 73 10 49
24 87 28 76
92 93 24 37
38 88 17 71
8 58 89 24
61 79 56 85
46 93 52 51
86 92 60 28
67 100 98 34
20 78 96 12
6 92 96 9
58 89 59 47
57 92 87 1
34 43 11 83
18 51 49 58
66 77 90 59
20 90 94 41
62 85 71 88
69 81 88 100
66 96 19 59
14 40 51 29
31 64 15 36
60 89 5 57
66 94 0 32
4 42 80 89
39 59 97 30
91 97 40 42
15 81 58 98
84 87 77 1
5 50 60 65
10 29 29 84
35 63 20 35
25 68 1 9
34 41 17 34
68 86 51 60
8 89 97 58
5 24 29 40
18 19 90 78
28 73 100 58
9 36 65 45
18 85 78 34
28 52 28 35
27 70 11 10
1 7 24 46
31 70 11 59
35 55 21 0
11 54 1 37
50 94 45 55
33 74 12 17
8 65 36 65
52 53 22 58
48 83 32 13
41 56 82 15
48 59 86 44
11 19 72 42
8 71 3 57
37 50 2 67
62 82 39 49
41 46 80 71
40 65 68 51
40 85 7 32
66 95 57 80
91 94 35 22
2 93 33 44
36 66 92 51
32 42 36 66
7 78 82 6
28 45 22 100
41 57 80 5
58 83 71 5
10 89 97 3
50 87 56 72
23 31 73 82
11 67 39 68
17 75 75 8
4 14 47 55
32 37 62 11
3 58 35 34
64 96 4 55
38 55 76 62
6 47 47 56
26 86 11 65
41 72 10 51
27 85 33 44
26 59 33 30
31 58 75 42
2 13 96 22
81 91 8 57
39 46 36 71
52 62 89 12
39 45 83 92
76 99 29 77
8 51 24 10
23 79 39 18
6 32 57 45
74 85 27 32
5 8 15 34
20 81 18 85
40 44 50 46
69 79 56 86
8 54 87 99
60 73 95 91
5 94 77 13
29 68 37 92
16 38 70 91
15 59 21 27
36 61 3 18
1 65 91 33
46 68 80 24
45 96 30 79
24 30 89 62
12 92 20 98
39 58 18 75
48 93 13 36
20 89 69 91
46 79 98 20
62 75 79 32
34 38 15 51
59 90 48 9
45 64 18 15
28 58 37 18
32 82 3 54
29 94 78 60
19 44 96 70
6 78 80 62
62 98 46 5
40 73 5 84
20 21 43 12
20 27 32 100
19 98 66 10
73 90 29 68
57 88 40 31
70 89 24 43
44 62 44 94
72 92 16 66
57 69 84 36
27 38 30 99
3 90 75 81
15 67 51 52
88 93 14 84
52 98 54 26
16 75 97 0
38 98 99 47
6 34 90 82
62 80 57 17
42 69 26 78
82 87 85 74
34 88 46 86
16 67 83 27
9 47 50 100
12 42 15 49
84 86 79 83
31 99 3 76
59 83 64 73
5 85 2 78
28 65 96 91
32 84 97 92
31 90 19 36
67 90 100 9
24 90 21 70
81 90 79 90
53 66 30 47
16 44 39 30
45 78 50 56
5 84 85 76
14 83 89 44
46 89 32 93
17 58 53 7
7 99 77 40
11 22 97 5
18 94 15 70
3 16 9 82
82 94 34 79
50 83 66 8
7 58 93 3
18 37 90 29
60 76 5 34
44 52 73 63
27 35 49 46
35 72 18 40
7 29 27 100
10 26 92 51
53 72 27 35
29 57 88 2
28 30 25 13
19 43 44 51
22 87 17 18
1 3 31 65
26 27 75 34
68 97 83 97
83 86 88 87
15 31 65 65
59 76 85 85
25 57 64 9
6 71 32 16
90 94 96 23
10 12 36 93
4 73 60 40
39 54 60 79
3 56 78 26
5 53 4 13
3 67 85 61
61 62 9 67
22 64 55 38
63 84 84 66
13 43 5 33
11 81 52 35
80 94 20 84
31 72 25 54
3 81 91 71
66 76 18 52
7 91 34 7
63 86 12 6
74 75 61 22
10 54 52 27
14 90 87 47
17 38 41 80
47 75 28 8
24 88 78 25
66 83 36 47
20 51 69 49
22 54 2 0
85 99 94 7
57 63 57 1
64 81 75 84
5 30 58 63
36 79 55 67
55 70 98 44
51 74 72 40
1 72 50 81
17 87 27 12
48 88 20 62
8 37 51 84
14 41 5 20
20 92 19 25
42 56 21 38
70 87 55 58
1 97 22 62
22 90 75 2
53 75 68 75
12 41 98 43
9 32 2 12
38 41 7 11
86 93 27 100
47 79 62 86
52 71 10 68
79 91 27 67
24 86 23 17
18 52 49 69
22 45 14 51
4 50 12 81
8 90 11 93
80 93 62 16
26 87 34 50
7 42 26 42
68 96 23 18
57 91 22 2
9 74 30 30
28 48 89 56
25 88 79 51
43 45 84 64
8 95 4 85
14 47 66 87
74 92 67 78
86 91 29 11
8 99 80 7
61 92 5 88
20 97 15 66
51 100 53 1
26 56 65 30
34 85 45 30
