100
104 13
10000
2998
3511
2340
4212
1521
4564
6905
6714
5102
9070
2759
3843
3539
1209
4507
5867
5481
6014
5820
3488
8234
5077
1830
4038
3438
7760
2709
2086
2223
2026
3539
9055
3977
3539
8420
4460
789
4564
717
1866
2223
5184
3539
8420
4567
4643
4212
2651
4212
5184
3886
4791
4101
4221
9055
3639
8234
9192
6714
9012
2817
4090
3309
2223
3985
7760
5057
2181
1952
9070
1563
9157
2429
1360
4142
8287
1453
6014
2471
9062
3438
4217
4101
5130
6011
2223
926
2477
5112
6011
7760
4101
6011
6775
6011
9079
4127
4212
8420
3786
